1 24 0 0 0 0 0 0 1 0 0 1 1 1
1 25 0 0 0 0 0 0 1 0 0 1 1 1
1 26 0 0 0 0 0 0 1 0 0 1 1 1
1 27 0 0 0 0 0 0 1 0 0 1 1 1
1 28 0 0 0 0 0 0 1 0 0 1 1 1
1 29 0 0 0 0 0 0 1 0 0 1 1 1
1 30 0 0 0 0 0 0 1 0 0 1 1 1
1 31 0 0 0 0 0 0 1 0 0 1 1 1
2 20 0 0 0 0 0 0 1 0 0 1 1 1
2 21 0 0 0 0 0 0 1 0 0 1 1 1
2 22 0 0 0 0 0 0 1 0 0 1 1 1
2 23 0 0 0 0 0 0 1 0 0 1 1 1
2 24 0 0 0 0 0 0 1 0 0 1 1 1
2 25 0 0 0 0 0 0 1 0 0 1 1 1
2 26 0 0 0 0 0 0 1 0 0 1 1 1
2 27 0 0 0 0 0 0 1 0 0 1 1 1
2 28 0 0 0 0 0 0 1 0 0 1 1 1
2 29 0 0 0 0 0 0 1 0 0 1 1 1
2 30 0 0 0 0 0 0 1 0 0 1 1 1
2 31 0 0 0 0 0 0 1 0 0 1 1 1
2 32 0 0 0 0 0 0 1 0 0 1 1 1
2 33 0 0 0 0 0 0 1 0 0 1 1 1
2 34 0 0 0 0 0 0 1 0 0 1 1 1
2 35 0 0 0 0 0 0 1 0 0 1 1 1
2 36 0 0 0 0 0 0 1 0 0 1 1 1
2 37 0 0 0 0 0 0 1 0 0 1 1 1
2 47 0 0 0 0 0.0024 0 1 0 0 1 1 1
2 48 0 0 0 0.0005 0.0174 0 1 0 0 1 1 1
2 49 0 0 0 0.0043 0.005 0.0029 1 0 0 1 1 1
2 50 0 0 0 0 0.0007 0 1 0 0 1 1 1
3 13 0 0 0 0 0 0 1 0 0 1 1 1
3 14 0 0 0 0 0 0 1 0 0 1 1 1
3 15 0 0 0 0 0 0 1 0 0 1 1 1
3 16 0 0 0 0 0 0 1 0 0 1 1 1
3 17 0 0 0 0 0 0 1 0 0 1 1 1
3 18 0 0 0 0 0 0 1 0 0 1 1 1
3 19 0 0 0 0 0 0 1 0 0 1 1 1
3 20 0 0 0 0 0 0 1 0 0 1 1 1
3 21 0 0 0 0 0 0 1 0 0 1 1 1
3 22 0 0 0 0 0 0 1 0 0 1 1 1
3 23 0 0 0 0 0 0 1 0 0 1 1 1
3 24 0 0 0 0 0 0 1 0 0 1 1 1
3 25 0 0 0 0 0 0 1 0 0 1 1 1
3 26 0 0 0 0 0 0 1 0 0 1 1 1
3 27 0 0 0 0 0 0 1 0 0 1 1 1
3 28 0 0 0 0 0 0 1 0 0 1 1 1
3 29 0 0 0 0 0 0 1 0 0 1 1 1
3 30 0 0 0 0 0 0 1 0 0 1 1 1
3 31 0 0 0 0 0 0 1 0 0 1 1 1
3 32 0 0 0 0 0 0 1 0 0 1 1 1
3 33 0 0 0 0 0 0 1 0 0 1 1 1
3 34 0 0 0 0 0 0 1 0 0 1 1 1
3 35 0 0 0 0 0 0 1 0 0 1 1 1
3 36 0 0 0 0 0 0 1 0 0 1 1 1
3 37 0 0 0 0 0 0 1 0 0 1 1 1
3 38 0 0 0 0 0 0 1 0 0 1 1 1
3 39 0 0 0 0 0 0 1 0 0 1 1 1
3 47 0 0.1136 0.0616 0.0912 0.0926 0.0229 1 0 0 1.1136 1 1
3 48 0 0.0184 0.0207 0.0751 0.1293 0.0179 1 0 0 1.0184 1 1
3 49 0 0.0907 0.1123 0.1669 0.103 0.0352 1 0 0 1.0907 1 1
3 50 0 0.0199 0.0234 0.0715 0.0358 0.0269 1 0 0 1.0199 1 1
3 54 0 0.0078 0.021 0.1126 0.0145 0 1 0 0 1.0078 1 1
3 55 0 0.0051 0.0154 0.0837 0.0165 0 1 0 0 1.0051 1 1
4 14 0 0 0 0 0 0 1 0 0 1 1 1
4 15 0 0 0 0 0 0 1 0 0 1 1 1
4 16 0 0 0 0 0 0 1 0 0 1 1 1
4 17 0 0 0 0 0 0 1 0 0 1 1 1
4 18 0 0 0 0 0 0 1 0 0 1 1 1
4 19 0 0 0 0 0 0 1 0 0 1 1 1
4 20 0 0 0 0 0 0 1 0 0 1 1 1
4 21 0 0 0 0 0 0 1 0 0 1 1 1
4 22 0 0 0 0 0 0 1 0 0 1 1 1
4 23 0 0 0 0 0 0 1 0 0 1 1 1
4 24 0 0 0 0 0 0 1 0 0 1 1 1
4 25 0 0 0 0 0 0 1 0 0 1 1 1
4 26 0 0 0 0 0 0 1 0 0 1 1 1
4 27 0 0 0 0 0 0 1 0 0 1 1 1
4 28 0 0 0 0 0 0 1 0 0 1 1 1
4 29 0 0 0 0 0 0 1 0 0 1 1 1
4 30 0 0 0 0 0 0 1 0 0 1 1 1
4 31 0 0 0 0 0 0 1 0 0 1 1 1
4 32 0 0 0 0 0 0 1 0 0 1 1 1
4 33 0 0 0 0 0 0 1 0 0 1 1 1
4 34 0 0 0 0 0 0 1 0 0 1 1 1
4 35 0 0 0 0 0 0 1 0 0 1 1 1
4 36 0 0 0 0 0 0 1 0 0 1 1 1
4 37 0 0 0 0 0 0 1 0 0 1 1 1
4 38 0 0 0 0 0 0 1 0 0 1 1 1
4 39 0 0 0 0 0 0 1 0 0 1 1 1
4 40 0 0 0 0 0 0 1 0 0 1 1 1
4 43 0 0 0 0 0.0019 0.0028 1 0 0 1 1 1
4 44 0 0.0185 0.0392 0 0.0571 0.0158 1 0 0 1.0185 1 1
4 45 0 0 0 0 0.0006 0.0008 1 0 0 1 1 1
4 46 0 0.0247 0.0098 0.0049 0.018 0.0051 1 0 0 1.0247 1 1
4 47 0.0026 0.268 0.2651 0.1847 0.0493 0.0322 1 0 0 1.268 1 1
4 48 0.0117 0.1945 0.1865 0.4558 0.0877 0.0299 1 0 0 1.1945 1 1
4 49 0 0.1061 0.1246 0.4207 0.1117 0.0286 1 0 0 1.1061 1 1
4 50 0 0.0161 0.0178 0.1301 0.0325 0.0465 1 0 0 1.0161 1 1
4 54 0 0.0437 0.0909 0.1445 0.0315 0.0019 1 0 0 1.0437 1 1
4 55 0 0.0089 0.1168 0.173 0.0139 0.0019 1 0 0 1.0089 1 1
5 13 0 0 0 0 0 0 1 0 0 1 1 1
5 14 0 0 0 0 0 0 1 0 0 1 1 1
5 15 0 0 0 0 0 0 1 0 0 1 1 1
5 16 0 0 0 0 0 0 1 0 0 1 1 1
5 17 0 0 0 0 0 0 1 0 0 1 1 1
5 18 0 0 0 0 0 0 1 0 0 1 1 1
5 19 0 0 0 0 0 0 1 0 0 1 1 1
5 20 0 0 0 0 0 0 1 0 0 1 1 1
5 21 0 0 0 0 0 0 1 0 0 1 1 1
5 22 0 0 0 0 0 0 1 0 0 1 1 1
5 23 0 0 0 0 0 0 1 0 0 1 1 1
5 24 0 0 0 0 0 0 1 0 0 1 1 1
5 25 0 0 0 0 0 0 1 0 0 1 1 1
5 26 0 0 0 0 0 0 1 0 0 1 1 1
5 27 0 0 0 0 0 0 1 0 0 1 1 1
5 28 0 0 0 0 0 0 1 0 0 1 1 1
5 29 0 0 0 0 0 0 1 0 0 1 1 1
5 30 0 0 0 0 0 0 1 0 0 1 1 1
5 31 0 0 0 0 0 0 1 0 0 1 1 1
5 32 0 0 0 0 0 0 1 0 0 1 1 1
5 33 0 0 0 0 0 0 1 0 0 1 1 1
5 34 0 0 0 0 0 0 1 0 0 1 1 1
5 35 0 0 0 0 0 0 1 0 0 1 1 1
5 36 0 0 0 0 0 0 1 0 0 1 1 1
5 37 0 0 0 0 0 0 1 0 0 1 1 1
5 38 0 0 0 0 0 0 1 0 0 1 1 1
5 39 0 0 0 0 0 0 1 0 0 1 1 1
5 40 0 0 0 0 0 0 1 0 0 1 1 1
5 43 0 0.0072 0.014 0 0.0253 0.0127 1 0 0 1.0072 1 1
5 44 0 0.1434 0.4117 0.0991 0.0687 0.0191 1 0 0 1.1434 1 1
5 45 0.0025 0.0934 0.3955 0.0798 0.0967 0.0194 1 0 0 1.0934 1 1
5 46 0.0131 0.2099 0.166 0.0311 0.0782 0.0032 1 0 0 1.2099 1 1
5 47 0 0.1561 0.5615 0.1176 0.0675 0.0938 1 0 0 1.1561 1 1
5 48 0.0096 0.3356 0.3338 0.2318 0.0649 0.0243 1 0 0 1.3356 1 1
5 49 0.005 0.1493 0.2098 0.4816 0.0814 0.0729 1 0 0 1.1493 1 1
5 50 0.0023 0.1553 0.2309 0.288 0.0461 0.0145 1 0 0 1.1553 1 1
5 51 0 0.0423 0.0407 0.1258 0.0223 0.0022 1 0 0 1.0423 1 1
5 53 0 0.0121 0.0262 0 0.0105 0.0003 1 0 0 1.0121 1 1
5 54 0.0025 0.0249 0.1682 0.1884 0.0398 0.0122 1 0 0 1.0249 1 1
5 55 0.004 0.1331 0.3142 0.2224 0.0956 0.0059 1 0 0 1.1331 1 1
5 56 0 0.0482 0.0458 0.0698 0.0386 0.0342 1 0 0 1.0482 1 1
5 57 0 0 0 0.0077 0.0027 0 1 0 0 1 1 1
6 13 0 0 0 0 0 0 1 0 0 1 1 1
6 14 0 0 0 0 0 0 1 0 0 1 1 1
6 15 0 0 0 0 0 0 1 0 0 1 1 1
6 16 0 0 0 0 0 0 1 0 0 1 1 1
6 17 0 0 0 0 0 0 1 0 0 1 1 1
6 18 0 0 0 0 0 0 1 0 0 1 1 1
6 19 0 0 0 0 0 0 1 0 0 1 1 1
6 20 0 0 0 0 0 0 1 0 0 1 1 1
6 21 0 0 0 0 0 0 1 0 0 1 1 1
6 22 0 0 0 0 0 0 1 0 0 1 1 1
6 23 0 0 0 0 0 0 1 0 0 1 1 1
6 24 0 0 0 0 0 0 1 0 0 1 1 1
6 25 0 0 0 0 0 0 1 0 0 1 1 1
6 26 0 0 0 0 0 0 1 0 0 1 1 1
6 27 0 0 0 0 0 0 1 0 0 1 1 1
6 28 0 0 0 0 0 0 1 0 0 1 1 1
6 29 0 0 0 0 0 0 1 0 0 1 1 1
6 30 0 0 0 0 0 0 1 0 0 1 1 1
6 31 0 0 0 0 0 0 1 0 0 1 1 1
6 32 0 0 0 0 0 0 1 0 0 1 1 1
6 33 0 0 0 0 0 0 1 0 0 1 1 1
6 34 0 0 0 0 0 0 1 0 0 1 1 1
6 35 0 0 0 0 0 0 1 0 0 1 1 1
6 36 0 0 0 0 0 0 1 0 0 1 1 1
6 37 0 0 0 0 0 0 1 0 0 1 1 1
6 38 0 0 0 0 0 0 1 0 0 1 1 1
6 39 0 0 0 0 0 0 1 0 0 1 1 1
6 40 0 0 0 0 0 0 1 0 0 1 1 1
6 41 0 0 0 0 0 0 1 0 0 1 1 1
6 45 0 0 0.0003 0 0.0033 0 1 0 0 1 1 1
6 46 0 0.0037 0.0006 0 0.0077 0 1 0 0 1.0037 1 1
6 47 0.0233 0.0372 0.1396 0.0316 0.0369 0.2652 1 0 0 1.0372 1 1
6 48 0.0245 0.3311 0.2908 0.1642 0.1072 0.0822 1 0 0 1.3311 1 1
6 49 0.0032 0.3224 0.2888 0.3112 0.0642 0.0102 1 0 0 1.3224 1 1
6 50 0 0.1238 0.236 0.5099 0.0869 0.0434 1 0 0 1.1238 1 1
6 51 0 0.1013 0.2291 0.3553 0.0738 0 1 0 0 1.1013 1 1
6 52 0 0.0755 0.0409 0.0389 0.038 0 1 0 0 1.0755 1 1
6 53 0 0.3069 0.483 0.0771 0.0619 0.0088 1 0 0 1.3069 1 1
6 54 0.0054 0.2155 0.5672 0.1534 0.0409 0.0176 1 0 0 1.2155 1 1
6 55 0 0.0471 0.5128 0.2208 0.1039 0.1154 1 0 0 1.0471 1 1
6 56 0.0104 0.0166 0.2901 0.377 0.1156 0.0145 1 0 0 1.0166 1 1
6 57 0.0033 0 0.0379 0.0947 0.0033 0.0016 1 0 0 1 1 1
7 13 0 0 0 0 0 0 1 0 0 1 1 1
7 14 0 0 0 0 0 0 1 0 0 1 1 1
7 15 0 0 0 0 0 0 1 0 0 1 1 1
7 16 0 0 0 0 0 0 1 0 0 1 1 1
7 17 0 0 0 0 0 0 1 0 0 1 1 1
7 18 0 0 0 0 0 0 1 0 0 1 1 1
7 19 0 0 0 0 0 0 1 0 0 1 1 1
7 20 0 0 0 0 0 0 1 0 0 1 1 1
7 21 0 0 0 0 0 0 1 0 0 1 1 1
7 22 0 0 0 0 0 0 1 0 0 1 1 1
7 23 0 0 0 0 0 0 1 0 0 1 1 1
7 24 0 0 0 0 0 0 1 0 0 1 1 1
7 25 0 0 0 0 0 0 1 0 0 1 1 1
7 26 0 0 0 0 0 0 1 0 0 1 1 1
7 27 0 0 0 0 0 0 1 0 0 1 1 1
7 28 0 0 0 0 0 0 1 0 0 1 1 1
7 29 0 0 0 0 0 0 1 0 0 1 1 1
7 30 0 0 0 0 0 0 1 0 0 1 1 1
7 31 0 0 0 0 0 0 1 0 0 1 1 1
7 32 0 0 0 0 0 0 1 0 0 1 1 1
7 33 0 0 0 0 0 0 1 0 0 1 1 1
7 34 0 0 0 0 0 0 1 0 0 1 1 1
7 35 0 0 0 0 0 0 1 0 0 1 1 1
7 36 0 0 0 0 0 0 1 0 0 1 1 1
7 37 0 0 0 0 0 0 1 0 0 1 1 1
7 38 0 0 0 0 0 0 1 0 0 1 1 1
7 39 0 0 0 0 0 0 1 0 0 1 1 1
7 40 0 0 0 0 0 0 1 0 0 1 1 1
7 41 0 0 0 0 0 0 1 0 0 1 1 1
7 42 0 0 0 0 0 0 1 0 0 1 1 1
7 46 0 0.0027 0.0443 0 0.0227 0.0161 1 0 0 1.0027 1 1
7 47 0.0426 0.0215 0.0192 0.017 0.0717 0.032 1 0 0 1.0215 1 1
7 48 0.0513 0.347 0.389 0.0938 0.0447 0.0521 1 0 0 1.347 1 1
7 49 0.0046 0.3565 0.2946 0.1952 0.1058 0.0433 1 0 0 1.3565 1 1
7 50 0.0073 0.3413 0.3236 0.2958 0.032 0 1 0 0 1.3413 1 1
7 51 0.0145 0.2879 0.2024 0.277 0.0454 0 1 0 0 1.2879 1 1
7 52 0 0 0.0008 0.0015 0.0017 0 1 0 0 1 1 1
7 53 0 0.0559 0.175 0.0245 0.0371 0 1 0 0 1.0559 1 1
7 54 0.0142 0.3867 0.2432 0.0815 0.0607 0.0356 1 0 0 1.3867 1 1
7 55 0.0074 0.1896 0.4665 0.2644 0.0517 0.0204 1 0 0 1.1896 1 1
7 56 0.0374 0.1588 0.1189 0.1239 0.0173 0.0175 1 0 0 1.1588 1 1
8 12 0 0 0 0 0 0 1 0 0 1 1 1
8 13 0 0 0 0 0 0 1 0 0 1 1 1
8 14 0 0 0 0 0 0 1 0 0 1 1 1
8 15 0 0 0 0 0 0 1 0 0 1 1 1
8 16 0 0 0 0 0 0 1 0 0 1 1 1
8 17 0 0 0 0 0 0 1 0 0 1 1 1
8 18 0 0 0 0 0 0 1 0 0 1 1 1
8 19 0 0 0 0 0 0 1 0 0 1 1 1
8 20 0 0 0 0 0 0 1 0 0 1 1 1
8 21 0 0 0 0 0 0 1 0 0 1 1 1
8 22 0 0 0 0 0 0 1 0 0 1 1 1
8 23 0 0 0 0 0 0 1 0 0 1 1 1
8 24 0 0 0 0 0 0 1 0 0 1 1 1
8 25 0 0 0 0 0 0 1 0 0 1 1 1
8 26 0 0 0 0 0 0 1 0 0 1 1 1
8 27 0 0 0 0 0 0 1 0 0 1 1 1
8 28 0 0 0 0 0 0 1 0 0 1 1 1
8 29 0 0 0 0 0 0 1 0 0 1 1 1
8 30 0 0 0 0 0 0 1 0 0 1 1 1
8 31 0 0 0 0 0 0 1 0 0 1 1 1
8 32 0 0 0 0 0 0 1 0 0 1 1 1
8 33 0 0 0 0 0 0 1 0 0 1 1 1
8 34 0 0 0 0 0 0 1 0 0 1 1 1
8 35 0 0 0 0 0 0 1 0 0 1 1 1
8 36 0 0 0 0 0 0 1 0 0 1 1 1
8 37 0 0 0 0 0 0 1 0 0 1 1 1
8 38 0 0 0 0 0 0 1 0 0 1 1 1
8 39 0 0 0 0 0 0 1 0 0 1 1 1
8 40 0 0 0 0 0 0 1 0 0 1 1 1
8 41 0 0 0 0 0 0 1 0 0 1 1 1
8 42 0 0 0 0 0 0 1 0 0 1 1 1
8 47 0 0.027 0.0098 0.0028 0.0566 0.0071 1 0 0 1.027 1 1
8 48 0.0027 0.2728 0.2077 0.0945 0.1076 0.0152 1 0 0 1.2728 1 1
8 49 0.0032 0.3184 0.491 0.1251 0.0542 0.0081 1 0 0 1.3184 1 1
8 50 0.0067 0.4114 0.3676 0.1854 0.026 0.0029 1 0 0 1.4114 1 1
8 51 0.0102 0.3562 0.2598 0.258 0.1023 0.0132 1 0 0 1.3562 1 1
8 52 0 0.099 0.0891 0.171 0.0206 0.0026 1 0 0 1.099 1 1
8 54 0 0.044 0.0522 0.0489 0.0558 0.054 1 0 0 1.044 1 1
8 55 0.0054 0.233 0.2609 0.2271 0.093 0.006 1 0 0 1.233 1 1
8 56 0 0.0303 0.0282 0.0169 0.0056 0.0065 1 0 0 1.0303 1 1
9 12 0 0 0 0 0 0 1 0 0 1 1 1
9 13 0 0 0 0 0 0 1 0 0 1 1 1
9 14 0 0 0 0 0 0 1 0 0 1 1 1
9 15 0 0 0 0 0 0 1 0 0 1 1 1
9 16 0 0 0 0 0 0 1 0 0 1 1 1
9 17 0 0 0 0 0 0 1 0 0 1 1 1
9 18 0 0 0 0 0 0 1 0 0 1 1 1
9 19 0 0 0 0 0 0 1 0 0 1 1 1
9 20 0 0 0 0 0 0 1 0 0 1 1 1
9 21 0 0 0 0 0 0 1 0 0 1 1 1
9 22 0 0 0 0 0 0 1 0 0 1 1 1
9 23 0 0 0 0 0 0 1 0 0 1 1 1
9 24 0 0 0 0 0 0 1 0 0 1 1 1
9 25 0 0 0 0 0 0 1 0 0 1 1 1
9 26 0 0 0 0 0 0 1 0 0 1 1 1
9 27 0 0 0 0 0 0 1 0 0 1 1 1
9 28 0 0 0 0 0 0 1 0 0 1 1 1
9 29 0 0 0 0 0 0 1 0 0 1 1 1
9 30 0 0 0 0 0 0 1 0 0 1 1 1
9 31 0 0 0 0 0 0 1 0 0 1 1 1
9 32 0 0 0 0 0 0 1 0 0 1 1 1
9 33 0 0 0 0 0 0 1 0 0 1 1 1
9 34 0 0 0 0 0 0 1 0 0 1 1 1
9 35 0 0 0 0 0 0 1 0 0 1 1 1
9 36 0 0 0 0 0 0 1 0 0 1 1 1
9 37 0 0 0 0 0 0 1 0 0 1 1 1
9 38 0 0 0 0 0 0 1 0 0 1 1 1
9 39 0 0 0 0 0 0 1 0 0 1 1 1
9 40 0 0 0 0 0 0 1 0 0 1 1 1
9 41 0 0 0 0 0 0 1 0 0 1 1 1
9 48 0 0.0003 0.0039 0.0022 0.0117 0.0173 1 0 0 1.0003 1 1
9 49 0 0.1766 0.1736 0.0805 0.1106 0.0914 1 0 0 1.1766 1 1
9 50 0.0029 0.4353 0.3662 0.0801 0.0705 0.0449 1 0 0 1.4353 1 1
9 51 0.0176 0.4197 0.2335 0.0889 0.0833 0.1521 1 0 0 1.4197 1 1
9 52 0.0043 0.1141 0.0352 0.0844 0.0881 0.0097 1 0 0 1.1141 1 1
9 53 0 0 0 0 0.0053 0 1 0 0 1 1 1
9 54 0 0.0078 0.0099 0.0056 0.0372 0 1 0 0 1.0078 1 1
9 55 0 0.0076 0.0137 0.0073 0.0096 0 1 0 0 1.0076 1 1
9 56 0.0034 0.0578 0.0898 0.0883 0.0302 0.0096 1 0 0 1.0578 1 1
9 57 0 0.0579 0.062 0.1354 0.0349 0.0032 1 0 0 1.0579 1 1
9 60 0 0 0 0 0.0136 0.0023 1 0 0 1 1 1
10 12 0 0 0 0 0 0 1 0 0 1 1 1
10 13 0 0 0 0 0 0 1 0 0 1 1 1
10 14 0 0 0 0 0 0 1 0 0 1 1 1
10 15 0 0 0 0 0 0 1 0 0 1 1 1
10 16 0 0 0 0 0 0 1 0 0 1 1 1
10 17 0 0 0 0 0 0 1 0 0 1 1 1
10 18 0 0 0 0 0 0 1 0 0 1 1 1
10 19 0 0 0 0 0 0 1 0 0 1 1 1
10 20 0 0 0 0 0 0 1 0 0 1 1 1
10 21 0 0 0 0 0 0 1 0 0 1 1 1
10 22 0 0 0 0 0 0 1 0 0 1 1 1
10 23 0 0 0 0 0 0 1 0 0 1 1 1
10 24 0 0 0 0 0 0 1 0 0 1 1 1
10 25 0 0 0 0 0 0 1 0 0 1 1 1
10 26 0 0 0 0 0 0 1 0 0 1 1 1
10 27 0 0 0 0 0 0 1 0 0 1 1 1
10 28 0 0 0 0 0 0 1 0 0 1 1 1
10 29 0 0 0 0 0 0 1 0 0 1 1 1
10 30 0 0 0 0 0 0 1 0 0 1 1 1
10 31 0 0 0 0 0 0 1 0 0 1 1 1
10 32 0 0 0 0 0 0 1 0 0 1 1 1
10 33 0 0 0 0 0 0 1 0 0 1 1 1
10 34 0 0 0 0 0 0 1 0 0 1 1 1
10 35 0 0 0 0 0 0 1 0 0 1 1 1
10 36 0 0 0 0 0 0 1 0 0 1 1 1
10 37 0 0 0 0 0 0 1 0 0 1 1 1
10 38 0 0 0 0 0 0 1 0 0 1 1 1
10 39 0 0 0 0 0 0 1 0 0 1 1 1
10 40 0 0 0 0 0 0 1 0 0 1 1 1
10 49 0 0.0004 0 0 0.0103 0 1 0 0 1.0004 1 1
10 50 0 0.0536 0.0499 0.0587 0.1632 0.0429 1 0 0 1.0536 1 1
10 51 0.0124 0.3026 0.0616 0.1115 0.1546 0.0228 1 0 0 1.3026 1 1
10 52 0.0093 0.3372 0.1384 0.2551 0.0964 0.0514 1 0 0 1.3372 1 1
10 53 0 0.1513 0.0889 0.0057 0.0984 0 1 0 0 1.1513 1 1
10 54 0 0 0 0 0.0035 0 1 0 0 1 1 1
10 55 0 0 0 0 0.0045 0 1 0 0 1 1 1
10 56 0 0.0334 0.0761 0.0213 0.0409 0.0117 1 0 0 1.0334 1 1
10 57 0 0.0485 0.1691 0.0668 0.0355 0.0322 1 0 0 1.0485 1 1
10 58 0 0 0 0.0003 0 0.0015 1 0 0 1 1 1
10 59 0 0.0158 0.0185 0.0582 0.0099 0 1 0 0 1.0158 1 1
10 60 0 0 0 0 0.0231 0.0058 1 0 0 1 1 1
11 12 0 0 0 0 0 0 1 0 0 1 1 1
11 13 0 0 0 0 0 0 1 0 0 1 1 1
11 14 0 0 0 0 0 0 1 0 0 1 1 1
11 15 0 0 0 0 0 0 1 0 0 1 1 1
11 16 0 0 0 0 0 0 1 0 0 1 1 1
11 17 0 0 0 0 0 0 1 0 0 1 1 1
11 18 0 0 0 0 0 0 1 0 0 1 1 1
11 19 0 0 0 0 0 0 1 0 0 1 1 1
11 20 0 0 0 0 0 0 1 0 0 1 1 1
11 21 0 0 0 0 0 0 1 0 0 1 1 1
11 22 0 0 0 0 0 0 1 0 0 1 1 1
11 23 0 0 0 0 0 0 1 0 0 1 1 1
11 24 0 0 0 0 0 0 1 0 0 1 1 1
11 25 0 0 0 0 0 0 1 0 0 1 1 1
11 26 0 0 0 0 0 0 1 0 0 1 1 1
11 27 0 0 0 0 0 0 1 0 0 1 1 1
11 28 0 0 0 0 0 0 1 0 0 1 1 1
11 29 0 0 0 0 0 0 1 0 0 1 1 1
11 30 0 0 0 0 0 0 1 0 0 1 1 1
11 31 0 0 0 0 0 0 1 0 0 1 1 1
11 32 0 0 0 0 0 0 1 0 0 1 1 1
11 33 0 0 0 0 0 0 1 0 0 1 1 1
11 34 0 0 0 0 0 0 1 0 0 1 1 1
11 35 0 0 0 0 0 0 1 0 0 1 1 1
11 36 0 0 0 0 0 0 1 0 0 1 1 1
11 37 0 0 0 0 0 0 1 0 0 1 1 1
11 38 0 0 0 0 0 0 1 0 0 1 1 1
11 39 0 0 0 0 0 0 1 0 0 1 1 1
11 50 0 0.0031 0.0062 0.0046 0.0336 0.0016 1 0 0 1.0031 1 1
11 51 0 0.0084 0.0053 0.0181 0.1003 0.0338 1 0 0 1.0084 1 1
11 52 0 0.1673 0.1082 0.1134 0.1156 0.0124 1 0 0 1.1673 1 1
11 53 0 0.0317 0.0041 0.0151 0.0301 0.0028 1 0 0 1.0317 1 1
11 54 0 0.0524 0.046 0 0.0091 0 1 0 0 1.0524 1 1
11 55 0 0.154 0.1725 0.022 0.0557 0.0138 1 0 0 1.154 1 1
11 56 0.0983 0.1065 0.2508 0.0802 0.0307 0.0587 1 0 0 1.1065 1 1
11 57 0.0052 0.2234 0.274 0.1048 0.1148 0.1881 1 0 0 1.2234 1 1
11 58 0 0.1741 0.3612 0.1257 0.0657 0.1275 1 0 0 1.1741 1 1
11 59 0 0.1208 0.3525 0.2417 0.091 0.041 1 0 0 1.1208 1 1
11 60 0 0.0028 0.0026 0.0051 0.002 0 1 0 0 1.0028 1 1
12 12 0 0 0 0 0 0 1 0 0 1 1 1
12 13 0 0 0 0 0 0 1 0 0 1 1 1
12 14 0 0 0 0 0 0 1 0 0 1 1 1
12 15 0 0 0 0 0 0 1 0 0 1 1 1
12 16 0 0 0 0 0 0 1 0 0 1 1 1
12 17 0 0 0 0 0 0 1 0 0 1 1 1
12 18 0 0 0 0 0 0 1 0 0 1 1 1
12 19 0 0 0 0 0 0 1 0 0 1 1 1
12 20 0 0 0 0 0 0 1 0 0 1 1 1
12 21 0 0 0 0 0 0 1 0 0 1 1 1
12 22 0 0 0 0 0 0 1 0 0 1 1 1
12 23 0 0 0 0 0 0 1 0 0 1 1 1
12 24 0 0 0 0 0 0 1 0 0 1 1 1
12 25 0 0 0 0 0 0 1 0 0 1 1 1
12 26 0 0 0 0 0 0 1 0 0 1 1 1
12 27 0 0 0 0 0 0 1 0 0 1 1 1
12 28 0 0 0 0 0 0 1 0 0 1 1 1
12 29 0 0 0 0 0 0 1 0 0 1 1 1
12 30 0 0 0 0 0 0 1 0 0 1 1 1
12 31 0 0 0 0 0 0 1 0 0 1 1 1
12 32 0 0 0 0 0 0 1 0 0 1 1 1
12 33 0 0 0 0 0 0 1 0 0 1 1 1
12 34 0 0 0 0 0 0 1 0 0 1 1 1
12 35 0 0 0 0 0 0 1 0 0 1 1 1
12 36 0 0 0 0 0 0 1 0 0 1 1 1
12 37 0 0 0 0 0 0 1 0 0 1 1 1
12 38 0 0 0 0 0 0 1 0 0 1 1 1
12 39 0 0 0 0 0 0 1 0 0 1 1 1
12 43 0.0026 0.0198 0.028 0.0293 0.0159 0.0115 1 0 0 1.0198 1 1
12 44 0 0 0.0022 0.0002 0.0064 0 1 0 0 1 1 1
12 52 0.0155 0.0951 0.1253 0.0103 0.0438 0.0672 1 0 0 1.0951 1 1
12 53 0.0063 0.3813 0.2493 0.0899 0.1458 0.0177 1 0 0 1.3813 1 1
12 54 0 0.1572 0.1165 0 0.1561 0.0139 1 0 0 1.1572 1 1
12 55 0.0067 0.3189 0.5353 0.0438 0.07 0.0097 1 0 0 1.3189 1 1
12 56 0.0068 0.3737 0.4491 0.0726 0.073 0.0235 1 0 0 1.3737 1 1
12 57 0.0086 0.4704 0.282 0.0583 0.0488 0.0691 1 0 0 1.4704 1 1
12 58 0 0.0677 0.3321 0.0754 0.218 0.3068 1 0 0 1.0677 1 1
12 59 0.0028 0.0497 0.1829 0.325 0.1568 0.2828 1 0 0 1.0497 1 1
12 60 0 0.1168 0.1616 0.2352 0.0649 0.0211 1 0 0 1.1168 1 1
12 61 0 0 0.0123 0 0.0776 0.0097 1 0 0 1 1 1
13 12 0 0 0 0 0 0 1 0 0 1 1 1
13 13 0 0 0 0 0 0 1 0 0 1 1 1
13 14 0 0 0 0 0 0 1 0 0 1 1 1
13 15 0 0 0 0 0 0 1 0 0 1 1 1
13 16 0 0 0 0 0 0 1 0 0 1 1 1
13 17 0 0 0 0 0 0 1 0 0 1 1 1
13 18 0 0 0 0 0 0 1 0 0 1 1 1
13 19 0 0 0 0 0 0 1 0 0 1 1 1
13 20 0 0 0 0 0 0 1 0 0 1 1 1
13 21 0 0 0 0 0 0 1 0 0 1 1 1
13 22 0 0 0 0 0 0 1 0 0 1 1 1
13 23 0 0 0 0 0 0 1 0 0 1 1 1
13 24 0 0 0 0 0 0 1 0 0 1 1 1
13 25 0 0 0 0 0 0 1 0 0 1 1 1
13 26 0 0 0 0 0 0 1 0 0 1 1 1
13 27 0 0 0 0 0 0 1 0 0 1 1 1
13 28 0 0 0 0 0 0 1 0 0 1 1 1
13 29 0 0 0 0 0 0 1 0 0 1 1 1
13 30 0 0 0 0 0 0 1 0 0 1 1 1
13 31 0 0 0 0 0 0 1 0 0 1 1 1
13 32 0 0 0 0 0 0 1 0 0 1 1 1
13 33 0 0 0 0 0 0 1 0 0 1 1 1
13 34 0 0 0 0 0 0 1 0 0 1 1 1
13 35 0 0 0 0 0 0 1 0 0 1 1 1
13 36 0 0 0 0 0 0 1 0 0 1 1 1
13 37 0 0 0 0 0 0 1 0 0 1 1 1
13 38 0 0 0 0 0 0 1 0 0 1 1 1
13 50 0 0.0071 0.0237 0.0071 0.0028 0 1 0 0 1.0071 1 1
13 51 0.0034 0.1156 0.2017 0.0806 0.0256 0.0124 1 0 0 1.1156 1 1
13 52 0.0061 0.333 0.3592 0.0192 0.1002 0.0988 1 0 0 1.333 1 1
13 53 0.0006 0.2568 0.5444 0.0698 0.0641 0.0643 1 0 0 1.2568 1 1
13 54 0.0308 0.3067 0.2641 0.0041 0.1631 0.1741 1 0 0 1.3067 1 1
13 55 0.0033 0.23 0.3346 0.0186 0.3697 0.0082 1 0 0 1.23 1 1
13 56 0.0013 0.4252 0.4967 0.0403 0.0313 0.0052 1 0 0 1.4252 1 1
13 57 0.0173 0.2437 0.3585 0.297 0.0539 0.0296 1 0 0 1.2437 1 1
13 58 0.0013 0.129 0.3758 0.2645 0.0793 0.1501 1 0 0 1.129 1 1
13 59 0 0.1534 0.1818 0.1356 0.2776 0.2516 1 0 0 1.1534 1 1
13 60 0 0.2194 0.4492 0.1337 0.0328 0.0102 1 0 0 1.2194 1 1
13 61 0.0494 0.0532 0.1331 0.0014 0.1375 0.0072 1 0 0 1.0532 1 1
13 62 0 0 0.0105 0.0013 0.0119 0 1 0 0 1 1 1
14 12 0 0 0 0 0 0 1 0 0 1 1 1
14 13 0 0 0 0 0 0 1 0 0 1 1 1
14 14 0 0 0 0 0 0 1 0 0 1 1 1
14 15 0 0 0 0 0 0 1 0 0 1 1 1
14 16 0 0 0 0 0 0 1 0 0 1 1 1
14 17 0 0 0 0 0 0 1 0 0 1 1 1
14 18 0 0 0 0 0 0 1 0 0 1 1 1
14 19 0 0 0 0 0 0 1 0 0 1 1 1
14 20 0 0 0 0 0 0 1 0 0 1 1 1
14 21 0 0 0 0 0 0 1 0 0 1 1 1
14 22 0 0 0 0 0 0 1 0 0 1 1 1
14 23 0 0 0 0 0 0 1 0 0 1 1 1
14 24 0 0 0 0 0 0 1 0 0 1 1 1
14 25 0 0 0 0 0 0 1 0 0 1 1 1
14 26 0 0 0 0 0 0 1 0 0 1 1 1
14 27 0 0 0 0 0 0 1 0 0 1 1 1
14 28 0 0 0 0 0 0 1 0 0 1 1 1
14 29 0 0 0 0 0 0 1 0 0 1 1 1
14 30 0 0 0 0 0 0 1 0 0 1 1 1
14 31 0 0 0 0 0 0 1 0 0 1 1 1
14 32 0 0 0 0 0 0 1 0 0 1 1 1
14 33 0 0 0 0 0 0 1 0 0 1 1 1
14 34 0 0 0 0 0 0 1 0 0 1 1 1
14 35 0 0 0 0 0 0 1 0 0 1 1 1
14 36 0 0 0 0 0 0 1 0 0 1 1 1
14 50 0 0.1497 0.2648 0.0983 0.0403 0.0284 1 0 0 1.1497 1 1
14 51 0 0.1583 0.5733 0.1133 0.1551 0 1 0 0 1.1583 1 1
14 52 0.0052 0.2022 0.4747 0.0938 0.0676 0.1565 1 0 0 1.2022 1 1
14 53 0.0049 0.283 0.2484 0.0591 0.1631 0.2415 1 0 0 1.283 1 1
14 54 0.0079 0.4471 0.1987 0.0086 0.1736 0.1641 1 0 0 1.4471 1 1
14 55 0 0.2536 0.4474 0.0145 0.2013 0.0832 1 0 0 1.2536 1 1
14 56 0.0158 0.418 0.3191 0.0779 0.0764 0.0928 1 0 0 1.418 1 1
14 57 0.0138 0.1704 0.1853 0.1947 0.1229 0.3129 1 0 0 1.1704 1 1
14 58 0.0054 0.1881 0.3374 0.3645 0.0607 0.0439 1 0 0 1.1881 1 1
14 59 0.0092 0.159 0.5332 0.1752 0.0663 0.0571 1 0 0 1.159 1 1
14 60 0.0647 0.3038 0.3659 0.2065 0.0309 0.0235 1 0 0 1.3038 1 1
14 61 0.045 0.1742 0.3034 0.1839 0.0996 0.0511 1 0 0 1.1742 1 1
14 62 0.0599 0.0473 0.0901 0.0746 0.0181 0 1 0 0 1.0473 1 1
14 63 0 0 0 0 0.0001 0 1 0 0 1 1 1
15 6 0 0 0 0 0 0 1 0 0 1 1 1
15 7 0 0 0 0 0 0 1 0 0 1 1 1
15 8 0 0 0 0 0 0 1 0 0 1 1 1
15 9 0 0 0 0 0 0 1 0 0 1 1 1
15 11 0 0 0 0 0 0 1 0 0 1 1 1
15 12 0 0 0 0 0 0 1 0 0 1 1 1
15 13 0 0 0 0 0 0 1 0 0 1 1 1
15 14 0 0 0 0 0 0 1 0 0 1 1 1
15 15 0 0 0 0 0 0 1 0 0 1 1 1
15 16 0 0 0 0 0 0 1 0 0 1 1 1
15 17 0 0 0 0 0 0 1 0 0 1 1 1
15 18 0 0 0 0 0 0 1 0 0 1 1 1
15 19 0 0 0 0 0 0 1 0 0 1 1 1
15 20 0 0 0 0 0 0 1 0 0 1 1 1
15 21 0 0 0 0 0 0 1 0 0 1 1 1
15 22 0 0 0 0 0 0 1 0 0 1 1 1
15 23 0 0 0 0 0 0 1 0 0 1 1 1
15 24 0 0 0 0 0 0 1 0 0 1 1 1
15 25 0 0 0 0 0 0 1 0 0 1 1 1
15 26 0 0 0 0 0 0 1 0 0 1 1 1
15 27 0 0 0 0 0 0 1 0 0 1 1 1
15 28 0 0 0 0 0 0 1 0 0 1 1 1
15 29 0 0 0 0 0 0 1 0 0 1 1 1
15 30 0 0 0 0 0 0 1 0 0 1 1 1
15 31 0 0 0 0 0 0 1 0 0 1 1 1
15 32 0 0 0 0 0 0 1 0 0 1 1 1
15 33 0 0 0 0 0 0 1 0 0 1 1 1
15 34 0 0 0 0 0 0 1 0 0 1 1 1
15 35 0 0 0 0 0 0 1 0 0 1 1 1
15 47 0 0.0001 0.0029 0 0.0013 0.001 1 0 0 1.0001 1 1
15 48 0.0003 0.0228 0.0131 0.0203 0.0039 0.0102 1 0 0 1.0228 1 1
15 49 0 0 0 0 0.0016 0 1 0 0 1 1 1
15 50 0.0097 0.2321 0.2947 0.0502 0.0624 0.0807 1 0 0 1.2321 1 1
15 51 0.0025 0.184 0.3846 0.0156 0.1383 0.275 1 0 0 1.184 1 1
15 52 0 0.1315 0.3746 0.0116 0.1946 0.2877 1 0 0 1.1315 1 1
15 53 0.0063 0.4039 0.3653 0.1232 0.0814 0.0199 1 0 0 1.4039 1 1
15 54 0 0.185 0.2615 0.1724 0.2213 0.1598 1 0 0 1.185 1 1
15 55 0 0.3568 0.4507 0.0756 0.1072 0.0097 1 0 0 1.3568 1 1
15 56 0 0.3043 0.3887 0.2334 0.0703 0.0033 1 0 0 1.3043 1 1
15 57 0.0068 0.317 0.4447 0.158 0.0553 0.0182 1 0 0 1.317 1 1
15 58 0.0133 0.2287 0.3951 0.1228 0.1314 0.1087 1 0 0 1.2287 1 1
15 59 0.0157 0.333 0.3559 0.1367 0.0948 0.0639 1 0 0 1.333 1 1
15 60 0.1016 0.2622 0.344 0.1608 0.1127 0.0187 1 0 0 1.2622 1 1
15 61 0.0957 0.5278 0.1985 0.1245 0.0202 0.0333 1 0 0 1.5278 1 1
15 62 0.0515 0.4069 0.1034 0.2526 0.1493 0.024 1 0 0 1.4069 1 1
15 63 0.0602 0.122 0.0909 0.0666 0.0092 0 1 0 0 1.122 1 1
15 64 0 0 0.051 0.1129 0.0256 0 1 0 0 1 1 1
16 5 0 0 0 0 0 0 1 0 0 1 1 1
16 6 0 0 0 0 0 0 1 0 0 1 1 1
16 7 0 0 0 0 0 0 1 0 0 1 1 1
16 8 0 0 0 0 0 0 1 0 0 1 1 1
16 9 0 0 0 0 0 0 1 0 0 1 1 1
16 10 0 0 0 0 0 0 1 0 0 1 1 1
16 11 0 0 0 0 0 0 1 0 0 1 1 1
16 12 0 0 0 0 0 0 1 0 0 1 1 1
16 13 0 0 0 0 0 0 1 0 0 1 1 1
16 14 0 0 0 0 0 0 1 0 0 1 1 1
16 15 0 0 0 0 0 0 1 0 0 1 1 1
16 16 0 0 0 0 0 0 1 0 0 1 1 1
16 17 0 0 0 0 0 0 1 0 0 1 1 1
16 18 0 0 0 0 0 0 1 0 0 1 1 1
16 19 0 0 0 0 0 0 1 0 0 1 1 1
16 20 0 0 0 0 0 0 1 0 0 1 1 1
16 21 0 0 0 0 0 0 1 0 0 1 1 1
16 22 0 0 0 0 0 0 1 0 0 1 1 1
16 23 0 0 0 0 0 0 1 0 0 1 1 1
16 24 0 0 0 0 0 0 1 0 0 1 1 1
16 25 0 0 0 0 0 0 1 0 0 1 1 1
16 26 0 0 0 0 0 0 1 0 0 1 1 1
16 27 0 0 0 0 0 0 1 0 0 1 1 1
16 28 0 0 0 0 0 0 1 0 0 1 1 1
16 29 0 0 0 0 0 0 1 0 0 1 1 1
16 30 0 0 0 0 0 0 1 0 0 1 1 1
16 31 0 0 0 0 0 0 1 0 0 1 1 1
16 32 0 0 0 0 0 0 1 0 0 1 1 1
16 33 0 0 0 0 0 0 1 0 0 1 1 1
16 34 0 0 0 0 0 0 1 0 0 1 1 1
16 35 0 0 0 0 0 0 1 0 0 1 1 1
16 47 0 0.0001 0.0025 0 0.0014 0.0037 1 0 0 1.0001 1 1
16 48 0.0067 0.0435 0.0064 0.0112 0.0117 0.0069 1 0 0 1.0435 1 1
16 49 0 0.0712 0.0787 0 0.0367 0.0243 1 0 0 1.0712 1 1
16 50 0.0115 0.1315 0.4997 0.1247 0.1955 0.0322 1 0 0 1.1315 1 1
16 51 0.0045 0.1893 0.3045 0.1006 0.1582 0.2429 1 0 0 1.1893 1 1
16 52 0.0039 0.1928 0.3436 0.0212 0.2121 0.2264 1 0 0 1.1928 1 1
16 53 0 0.2571 0.2114 0.06 0.1787 0.2928 1 0 0 1.2571 1 1
16 54 0 0.239 0.3211 0.0489 0.1123 0.2787 1 0 0 1.239 1 1
16 55 0.0172 0.5194 0.1206 0.2239 0.0827 0.0362 1 0 0 1.5194 1 1
16 56 0 0.3991 0.3426 0.2135 0.0448 0 1 0 0 1.3991 1 1
16 57 0.0401 0.2899 0.2838 0.3424 0.0438 0 1 0 0 1.2899 1 1
16 58 0.0058 0.2346 0.2443 0.3647 0.1265 0.0241 1 0 0 1.2346 1 1
16 59 0.0079 0.2766 0.299 0.2346 0.1538 0.0281 1 0 0 1.2766 1 1
16 60 0.0048 0.3546 0.3339 0.2118 0.0803 0.0146 1 0 0 1.3546 1 1
16 61 0.0381 0.5617 0.2793 0.0597 0.0476 0.0136 1 0 0 1.5617 1 1
16 62 0.2689 0.4292 0.1691 0.0849 0.0429 0.005 1 0 0 1.4292 1 1
16 63 0.2374 0.0585 0.0128 0.0361 0.0144 0.0258 1 0 0 1.0585 1 1
16 64 0 0 0.007 0.0025 0.0015 0 1 0 0 1 1 1
16 65 0 0 0.0016 0.0041 0.0014 0 1 0 0 1 1 1
17 6 0 0 0 0 0 0 1 0 0 1 1 1
17 7 0 0 0 0 0 0 1 0 0 1 1 1
17 8 0 0 0 0 0 0 1 0 0 1 1 1
17 9 0 0 0 0 0 0 1 0 0 1 1 1
17 10 0 0 0 0 0 0 1 0 0 1 1 1
17 11 0 0 0 0 0 0 1 0 0 1 1 1
17 12 0 0 0 0 0 0 1 0 0 1 1 1
17 13 0 0 0 0 0 0 1 0 0 1 1 1
17 14 0 0 0 0 0 0 1 0 0 1 1 1
17 15 0 0 0 0 0 0 1 0 0 1 1 1
17 16 0 0 0 0 0 0 1 0 0 1 1 1
17 17 0 0 0 0 0 0 1 0 0 1 1 1
17 18 0 0 0 0 0 0 1 0 0 1 1 1
17 19 0 0 0 0 0 0 1 0 0 1 1 1
17 20 0 0 0 0 0 0 1 0 0 1 1 1
17 21 0 0 0 0 0 0 1 0 0 1 1 1
17 22 0 0 0 0 0 0 1 0 0 1 1 1
17 23 0 0 0 0 0 0 1 0 0 1 1 1
17 24 0 0 0 0 0 0 1 0 0 1 1 1
17 25 0 0 0 0 0 0 1 0 0 1 1 1
17 26 0 0 0 0 0 0 1 0 0 1 1 1
17 27 0 0 0 0 0 0 1 0 0 1 1 1
17 28 0 0 0 0 0 0 1 0 0 1 1 1
17 29 0 0 0 0 0 0 1 0 0 1 1 1
17 30 0 0 0 0 0 0 1 0 0 1 1 1
17 31 0 0 0 0 0 0 1 0 0 1 1 1
17 32 0 0 0 0 0 0 1 0 0 1 1 1
17 33 0 0 0 0 0 0 1 0 0 1 1 1
17 34 0 0 0 0 0 0 1 0 0 1 1 1
17 35 0 0 0 0 0 0 1 0 0 1 1 1
17 50 0 0.1276 0.0739 0.032 0.0127 0.0102 1 0 0 1.1276 1 1
17 51 0.0409 0.377 0.13 0.0589 0.0059 0.0153 1 0 0 1.377 1 1
17 52 0.0184 0.4333 0.1749 0.0548 0.1301 0.1885 1 0 0 1.4333 1 1
17 53 0.004 0.1643 0.1517 0.051 0.1952 0.4338 1 0 0 1.1643 1 1
17 54 0.0186 0.5267 0.2991 0.12 0.0304 0.0052 1 0 0 1.5267 1 1
17 55 0 0.3156 0.479 0.1422 0.06 0.0032 1 0 0 1.3156 1 1
17 56 0 0.5447 0.2743 0.1334 0.0406 0.007 1 0 0 1.5447 1 1
17 57 0.0039 0.5114 0.2668 0.1512 0.0529 0.0138 1 0 0 1.5114 1 1
17 58 0.0038 0.2848 0.1875 0.3524 0.1222 0.0493 1 0 0 1.2848 1 1
17 59 0.0059 0.3436 0.3298 0.1748 0.1102 0.0357 1 0 0 1.3436 1 1
17 60 0.0896 0.3525 0.2271 0.2526 0.0462 0.032 1 0 0 1.3525 1 1
17 61 0.0821 0.3965 0.2656 0.2029 0.0208 0.0321 1 0 0 1.3965 1 1
17 62 0.2141 0.2133 0.1378 0.2071 0.0721 0.1556 1 0 0 1.2133 1 1
17 63 0.5451 0.0308 0.0192 0.044 0.0431 0.0568 1 0 0 1.0308 1 1
17 64 0.1975 0.0424 0.0623 0.142 0.0083 0 1 0 0 1.0424 1 1
17 65 0 0 0 0.0051 0.0032 0 1 0 0 1 1 1
18 5 0 0 0 0 0 0 1 0 0 1 1 1
18 6 0 0 0 0 0 0 1 0 0 1 1 1
18 7 0 0 0 0 0 0 1 0 0 1 1 1
18 8 0 0 0 0 0 0 1 0 0 1 1 1
18 9 0 0 0 0 0 0 1 0 0 1 1 1
18 10 0 0 0 0 0 0 1 0 0 1 1 1
18 11 0 0 0 0 0 0 1 0 0 1 1 1
18 12 0 0 0 0 0 0 1 0 0 1 1 1
18 13 0 0 0 0 0 0 1 0 0 1 1 1
18 14 0 0 0 0 0 0 1 0 0 1 1 1
18 15 0 0 0 0 0 0 1 0 0 1 1 1
18 16 0 0 0 0 0 0 1 0 0 1 1 1
18 17 0 0 0 0 0 0 1 0 0 1 1 1
18 18 0 0 0 0 0 0 1 0 0 1 1 1
18 19 0 0 0 0 0 0 1 0 0 1 1 1
18 20 0 0 0 0 0 0 1 0 0 1 1 1
18 21 0 0 0 0 0 0 1 0 0 1 1 1
18 22 0 0 0 0 0 0 1 0 0 1 1 1
18 23 0 0 0 0 0 0 1 0 0 1 1 1
18 24 0 0 0 0 0 0 1 0 0 1 1 1
18 25 0 0 0 0 0 0 1 0 0 1 1 1
18 26 0 0 0 0 0 0 1 0 0 1 1 1
18 27 0 0 0 0 0 0 1 0 0 1 1 1
18 28 0 0 0 0 0 0 1 0 0 1 1 1
18 29 0 0 0 0 0 0 1 0 0 1 1 1
18 30 0 0 0 0 0 0 1 0 0 1 1 1
18 31 0 0 0 0 0 0 1 0 0 1 1 1
18 32 0 0 0 0 0 0 1 0 0 1 1 1
18 33 0 0 0 0 0 0 1 0 0 1 1 1
18 34 0 0 0 0 0 0 1 0 0 1 1 1
18 35 0 0 0 0 0 0 1 0 0 1 1 1
18 36 0 0 0 0 0 0 1 0 0 1 1 1
18 44 0 0 0 0 0 0 1 0 0 1 1 1
18 45 0.0014 0.013 0 0 0.0026 0 1 0 0 1.013 1 1
18 46 0.0046 0.1174 0.0639 0.0251 0.0196 0 1 0 0 1.1174 1 1
18 47 0.0092 0.057 0.016 0.0178 0.0063 0 1 0 0 1.057 1 1
18 48 0 0.0433 0 0.0012 0.0304 0.015 1 0 0 1.0433 1 1
18 49 0.0153 0.0888 0.0276 0.1242 0.0208 0.0685 1 0 0 1.0888 1 1
18 50 0 0.07 0.0143 0.0376 0.0366 0.0155 1 0 0 1.07 1 1
18 51 0.2424 0.0515 0.0228 0.1067 0.0612 0.0748 1 0 0 1.0515 1 1
18 52 0.0341 0.4339 0.2148 0.021 0.1079 0.1883 1 0 0 1.4339 1 1
18 53 0.011 0.4737 0.3236 0.1409 0.0497 0.0011 1 0 0 1.4737 1 1
18 54 0.0085 0.3539 0.3649 0.1289 0.1024 0.0414 1 0 0 1.3539 1 1
18 55 0 0.127 0.4578 0.2132 0.108 0.094 1 0 0 1.127 1 1
18 56 0 0.0979 0.3752 0.3467 0.1038 0.0764 1 0 0 1.0979 1 1
18 57 0.0053 0.441 0.2111 0.2597 0.0677 0.0152 1 0 0 1.441 1 1
18 58 0.0755 0.4604 0.2151 0.1979 0.0511 0 1 0 0 1.4604 1 1
18 59 0.0092 0.4433 0.252 0.165 0.0669 0.0636 1 0 0 1.4433 1 1
18 60 0.0181 0.4768 0.3077 0.1159 0.0644 0.0171 1 0 0 1.4768 1 1
18 61 0.0052 0.3125 0.4089 0.1381 0.1155 0.0198 1 0 0 1.3125 1 1
18 62 0.0987 0.5312 0.2819 0.0199 0.0559 0.0124 1 0 0 1.5312 1 1
18 63 0.1956 0.4411 0.1783 0.0277 0.1059 0.0514 1 0 0 1.4411 1 1
18 64 0.1728 0.0481 0.1063 0.0141 0.0448 0 1 0 0 1.0481 1 1
18 65 0 0.008 0.0137 0.0149 0.0323 0 1 0 0 1.008 1 1
19 5 0 0 0 0 0 0 1 0 0 1 1 1
19 6 0 0 0 0 0 0 1 0 0 1 1 1
19 7 0 0 0 0 0 0 1 0 0 1 1 1
19 8 0 0 0 0 0 0 1 0 0 1 1 1
19 9 0 0 0 0 0 0 1 0 0 1 1 1
19 10 0 0 0 0 0 0 1 0 0 1 1 1
19 11 0 0 0 0 0 0 1 0 0 1 1 1
19 12 0 0 0 0 0 0 1 0 0 1 1 1
19 13 0 0 0 0 0 0 1 0 0 1 1 1
19 14 0 0 0 0 0 0 1 0 0 1 1 1
19 15 0 0 0 0 0 0 1 0 0 1 1 1
19 16 0 0 0 0 0 0 1 0 0 1 1 1
19 17 0 0 0 0 0 0 1 0 0 1 1 1
19 18 0 0 0 0 0 0 1 0 0 1 1 1
19 19 0 0 0 0 0 0 1 0 0 1 1 1
19 20 0 0 0 0 0 0 1 0 0 1 1 1
19 21 0 0 0 0 0 0 1 0 0 1 1 1
19 22 0 0 0 0 0 0 1 0 0 1 1 1
19 23 0 0 0 0 0 0 1 0 0 1 1 1
19 24 0 0 0 0 0 0 1 0 0 1 1 1
19 25 0 0 0 0 0 0 1 0 0 1 1 1
19 26 0 0 0 0 0 0 1 0 0 1 1 1
19 27 0 0 0 0 0 0 1 0 0 1 1 1
19 28 0 0 0 0 0 0 1 0 0 1 1 1
19 29 0 0 0 0 0 0 1 0 0 1 1 1
19 30 0 0 0 0 0 0 1 0 0 1 1 1
19 31 0 0 0 0 0 0 1 0 0 1 1 1
19 32 0 0 0 0 0 0 1 0 0 1 1 1
19 33 0 0 0 0 0 0 1 0 0 1 1 1
19 34 0 0 0 0 0 0 1 0 0 1 1 1
19 35 0 0 0 0 0 0 1 0 0 1 1 1
19 36 0 0 0 0 0 0 1 0 0 1 1 1
19 37 0 0 0 0 0 0 1 0 0 1 1 1
19 38 0 0 0 0 0 0 1 0 0 1 1 1
19 41 0 0 0 0 0 0 1 0 0 1 1 1
19 42 0 0 0 0 0 0 1 0 0 1 1 1
19 43 0 0 0 0 0 0 1 0 0 1 1 1
19 44 0 0 0 0 0 0 1 0 0 1 1 1
19 45 0 0.0052 0.0039 0 0 0 1 0 0 1.0052 1 1
19 46 0 0.0259 0.2815 0.0161 0.0353 0 1 0 0 1.0259 1 1
19 47 0 0.2064 0.4925 0.1487 0.133 0 1 0 0 1.2064 1 1
19 48 0.0189 0.1816 0.3242 0.2613 0.1836 0.0304 1 0 0 1.1816 1 1
19 49 0 0.1474 0.2626 0.3101 0.0829 0.197 1 0 0 1.1474 1 1
19 50 0.0158 0.3465 0.1704 0.304 0.1367 0.012 1 0 0 1.3465 1 1
19 51 0.053 0.2638 0.2129 0.2367 0.161 0.0715 1 0 0 1.2638 1 1
19 52 0.0189 0.4868 0.1512 0.1143 0.1078 0.121 1 0 0 1.4868 1 1
19 53 0.0091 0.394 0.3802 0.105 0.1007 0.011 1 0 0 1.394 1 1
19 54 0.0093 0.062 0.3084 0.1361 0.1543 0.3299 1 0 0 1.062 1 1
19 55 0.0088 0.2369 0.4029 0.1797 0.0447 0.127 1 0 0 1.2369 1 1
19 56 0.0202 0.1772 0.4537 0.2324 0.0482 0.0683 1 0 0 1.1772 1 1
19 57 0.0115 0.4016 0.3658 0.08 0.0628 0.0783 1 0 0 1.4016 1 1
19 58 0.0122 0.4483 0.266 0.096 0.0761 0.1014 1 0 0 1.4483 1 1
19 59 0.0196 0.4294 0.2619 0.0738 0.0765 0.1388 1 0 0 1.4294 1 1
19 60 0.005 0.3352 0.2653 0.1594 0.1445 0.0906 1 0 0 1.3352 1 1
19 61 0.0124 0.4304 0.2731 0.2097 0.0744 0 1 0 0 1.4304 1 1
19 62 0.0131 0.4812 0.318 0.0886 0.0622 0.0369 1 0 0 1.4812 1 1
19 63 0.0544 0.5968 0.2301 0.0724 0.0401 0.0062 1 0 0 1.5968 1 1
19 64 0.0274 0.1452 0.1667 0.2056 0.0977 0.0072 1 0 0 1.1452 1 1
19 65 0.0007 0 0 0 0.0142 0 1 0 0 1 1 1
20 4 0 0 0 0 0 0 1 0 0 1 1 1
20 5 0 0 0 0 0 0 1 0 0 1 1 1
20 6 0 0 0 0 0 0 1 0 0 1 1 1
20 7 0 0 0 0 0 0 1 0 0 1 1 1
20 8 0 0 0 0 0 0 1 0 0 1 1 1
20 9 0 0 0 0 0 0 1 0 0 1 1 1
20 10 0 0 0 0 0 0 1 0 0 1 1 1
20 11 0 0 0 0 0 0 1 0 0 1 1 1
20 12 0 0 0 0 0 0 1 0 0 1 1 1
20 13 0 0 0 0 0 0 1 0 0 1 1 1
20 14 0 0 0 0 0 0 1 0 0 1 1 1
20 15 0 0 0 0 0 0 1 0 0 1 1 1
20 16 0 0 0 0 0 0 1 0 0 1 1 1
20 17 0 0 0 0 0 0 1 0 0 1 1 1
20 18 0 0 0 0 0 0 1 0 0 1 1 1
20 19 0 0 0 0 0 0 1 0 0 1 1 1
20 20 0 0 0 0 0 0 1 0 0 1 1 1
20 21 0 0 0 0 0 0 1 0 0 1 1 1
20 22 0 0 0 0 0 0 1 0 0 1 1 1
20 23 0 0 0 0 0 0 1 0 0 1 1 1
20 24 0 0 0 0 0 0 1 0 0 1 1 1
20 25 0 0 0 0 0 0 1 0 0 1 1 1
20 26 0 0 0 0 0 0 1 0 0 1 1 1
20 27 0 0 0 0 0 0 1 0 0 1 1 1
20 28 0 0 0 0 0 0 1 0 0 1 1 1
20 29 0 0 0 0 0 0 1 0 0 1 1 1
20 30 0 0 0 0 0 0 1 0 0 1 1 1
20 31 0 0 0 0 0 0 1 0 0 1 1 1
20 32 0 0 0 0 0 0 1 0 0 1 1 1
20 33 0 0 0 0 0 0 1 0 0 1 1 1
20 34 0 0 0 0 0 0 1 0 0 1 1 1
20 35 0 0 0 0 0 0 1 0 0 1 1 1
20 36 0 0 0 0 0 0 1 0 0 1 1 1
20 37 0 0 0 0 0 0 1 0 0 1 1 1
20 38 0 0 0 0 0 0 1 0 0 1 1 1
20 39 0 0 0 0 0 0 1 0 0 1 1 1
20 40 0 0 0 0 0 0 1 0 0 1 1 1
20 41 0 0 0 0 0 0 1 0 0 1 1 1
20 42 0 0 0 0 0 0 1 0 0 1 1 1
20 43 0 0 0 0 0 0 1 0 0 1 1 1
20 44 0 0 0 0 0 0 1 0 0 1 1 1
20 45 0 0 0 0 0 0 1 0 0 1 1 1
20 46 0 0.0002 0 0 0.0006 0 1 0 0 1.0002 1 1
20 47 0 0.1536 0.1653 0.0784 0.1105 0.207 1 0 0 1.1536 1 1
20 48 0.0049 0.3166 0.3363 0.1987 0.1196 0.0239 1 0 0 1.3166 1 1
20 49 0 0.1292 0.1932 0.4685 0.2004 0.0087 1 0 0 1.1292 1 1
20 50 0.003 0.0855 0.2473 0.4386 0.2249 0.0007 1 0 0 1.0855 1 1
20 51 0 0.0386 0.3931 0.2853 0.2484 0.0346 1 0 0 1.0386 1 1
20 52 0 0.1189 0.2957 0.2686 0.182 0.1348 1 0 0 1.1189 1 1
20 53 0.0079 0.5105 0.2962 0.044 0.0949 0.0465 1 0 0 1.5105 1 1
20 54 0.0142 0.6378 0.2076 0.0701 0.0467 0.0236 1 0 0 1.6378 1 1
20 55 0.0335 0.2699 0.5002 0.0582 0.0789 0.0593 1 0 0 1.2699 1 1
20 56 0.0073 0.2022 0.5288 0.1048 0.1029 0.054 1 0 0 1.2022 1 1
20 57 0.0173 0.2648 0.4929 0.0518 0.0854 0.0878 1 0 0 1.2648 1 1
20 58 0 0.218 0.4771 0.0698 0.1187 0.1164 1 0 0 1.218 1 1
20 59 0.0099 0.3852 0.3147 0.0666 0.15 0.0736 1 0 0 1.3852 1 1
20 60 0.0122 0.4583 0.3184 0.1277 0.0807 0.0027 1 0 0 1.4583 1 1
20 61 0.0251 0.3845 0.2703 0.2586 0.0615 0 1 0 0 1.3845 1 1
20 62 0.0181 0.361 0.41 0.1412 0.0583 0.0114 1 0 0 1.361 1 1
20 63 0.0323 0.4183 0.2248 0.2589 0.0657 0 1 0 0 1.4183 1 1
20 64 0.0388 0.3423 0.1619 0.1933 0.038 0.018 1 0 0 1.3423 1 1
20 65 0 0 0 0.0051 0 0 1 0 0 1 1 1
20 66 0 0.0091 0.0242 0.001 0 0 1 0 0 1.0091 1 1
21 2 0 0 0 0 0 0 1 0 0 1 1 1
21 3 0 0 0 0 0 0 1 0 0 1 1 1
21 4 0 0 0 0 0 0 1 0 0 1 1 1
21 5 0 0 0 0 0 0 1 0 0 1 1 1
21 6 0 0 0 0 0 0 1 0 0 1 1 1
21 7 0 0 0 0 0 0 1 0 0 1 1 1
21 8 0 0 0 0 0 0 1 0 0 1 1 1
21 9 0 0 0 0 0 0 1 0 0 1 1 1
21 10 0 0 0 0 0 0 1 0 0 1 1 1
21 11 0 0 0 0 0 0 1 0 0 1 1 1
21 12 0 0 0 0 0 0 1 0 0 1 1 1
21 13 0 0 0 0 0 0 1 0 0 1 1 1
21 14 0 0 0 0 0 0 1 0 0 1 1 1
21 15 0 0 0 0 0 0 1 0 0 1 1 1
21 16 0 0 0 0 0 0 1 0 0 1 1 1
21 17 0 0 0 0 0 0 1 0 0 1 1 1
21 18 0 0 0 0 0 0 1 0 0 1 1 1
21 19 0 0 0 0 0 0 1 0 0 1 1 1
21 20 0 0 0 0 0 0 1 0 0 1 1 1
21 21 0 0 0 0 0 0 1 0 0 1 1 1
21 22 0 0 0 0 0 0 1 0 0 1 1 1
21 23 0 0 0 0 0 0 1 0 0 1 1 1
21 24 0 0 0 0 0 0 1 0 0 1 1 1
21 25 0 0 0 0 0 0 1 0 0 1 1 1
21 26 0 0 0 0 0 0 1 0 0 1 1 1
21 27 0 0 0 0 0 0 1 0 0 1 1 1
21 28 0 0 0 0 0 0 1 0 0 1 1 1
21 29 0 0 0 0 0 0 1 0 0 1 1 1
21 30 0 0 0 0 0 0 1 0 0 1 1 1
21 31 0 0 0 0 0 0 1 0 0 1 1 1
21 32 0 0 0 0 0 0 1 0 0 1 1 1
21 33 0 0 0 0 0 0 1 0 0 1 1 1
21 34 0 0 0 0 0 0 1 0 0 1 1 1
21 35 0 0 0 0 0 0 1 0 0 1 1 1
21 36 0 0 0 0 0 0 1 0 0 1 1 1
21 37 0 0 0 0 0 0 1 0 0 1 1 1
21 38 0 0 0 0 0 0 1 0 0 1 1 1
21 39 0 0 0 0 0 0 1 0 0 1 1 1
21 40 0 0 0 0 0 0 1 0 0 1 1 1
21 41 0 0 0 0 0 0 1 0 0 1 1 1
21 42 0 0 0 0 0 0 1 0 0 1 1 1
21 43 0 0 0 0 0 0 1 0 0 1 1 1
21 44 0 0 0 0 0 0 1 0 0 1 1 1
21 45 0 0 0 0 0 0 1 0 0 1 1 1
21 46 0 0 0 0 0 0 1 0 0 1 1 1
21 47 0 0.008 0.0833 0.0211 0.0485 0.0431 1 0 0 1.008 1 1
21 48 0 0.2431 0.2641 0.3029 0.1348 0.0323 1 0 0 1.2431 1 1
21 49 0.037 0.3219 0.1547 0.3239 0.1501 0.0124 1 0 0 1.3219 1 1
21 50 0 0.0493 0.0812 0.6407 0.2132 0.0156 1 0 0 1.0493 1 1
21 51 0 0.0208 0.0841 0.6011 0.2057 0.0883 1 0 0 1.0208 1 1
21 52 0 0.0507 0.3433 0.1628 0.2641 0.1791 1 0 0 1.0507 1 1
21 53 0 0.0594 0.2118 0.0817 0.2148 0.4323 1 0 0 1.0594 1 1
21 54 0.0063 0.3935 0.2562 0.1436 0.1378 0.0626 1 0 0 1.3935 1 1
21 55 0 0.3698 0.3435 0.2238 0.0625 0.0004 1 0 0 1.3698 1 1
21 56 0 0.1627 0.4315 0.2615 0.0934 0.0509 1 0 0 1.1627 1 1
21 57 0 0.2054 0.5262 0.1335 0.0642 0.0707 1 0 0 1.2054 1 1
21 58 0.0033 0.2329 0.5049 0.1364 0.0771 0.0454 1 0 0 1.2329 1 1
21 59 0 0.0711 0.3435 0.2852 0.1895 0.1107 1 0 0 1.0711 1 1
21 60 0.0094 0.2084 0.3315 0.2069 0.1797 0.0641 1 0 0 1.2084 1 1
21 61 0 0.1675 0.3501 0.3508 0.1264 0.0052 1 0 0 1.1675 1 1
21 62 0.0045 0.1539 0.174 0.5467 0.1015 0.0194 1 0 0 1.1539 1 1
21 63 0 0.1141 0.1117 0.5283 0.2046 0.0413 1 0 0 1.1141 1 1
21 64 0.0412 0.3274 0.1095 0.4036 0.0723 0.0418 1 0 0 1.3274 1 1
21 65 0.0067 0.1152 0.1138 0.2973 0.121 0.0575 1 0 0 1.1152 1 1
21 66 0.0042 0.0195 0.0592 0.1146 0.0104 0 1 0 0 1.0195 1 1
21 67 0 0 0.0032 0.001 0.002 0 1 0 0 1 1 1
22 1 0 0 0 0 0 0 1 0 0 1 1 1
22 2 0 0 0 0 0 0 1 0 0 1 1 1
22 3 0 0 0 0 0 0 1 0 0 1 1 1
22 4 0 0 0 0 0 0 1 0 0 1 1 1
22 5 0 0 0 0 0 0 1 0 0 1 1 1
22 6 0 0 0 0 0 0 1 0 0 1 1 1
22 7 0 0 0 0 0 0 1 0 0 1 1 1
22 8 0 0 0 0 0 0 1 0 0 1 1 1
22 9 0 0 0 0 0 0 1 0 0 1 1 1
22 10 0 0 0 0 0 0 1 0 0 1 1 1
22 11 0 0 0 0 0 0 1 0 0 1 1 1
22 12 0 0 0 0 0 0 1 0 0 1 1 1
22 13 0 0 0 0 0 0 1 0 0 1 1 1
22 14 0 0 0 0 0 0 1 0 0 1 1 1
22 15 0 0 0 0 0 0 1 0 0 1 1 1
22 16 0 0 0 0 0 0 1 0 0 1 1 1
22 17 0 0 0 0 0 0 1 0 0 1 1 1
22 18 0 0 0 0 0 0 1 0 0 1 1 1
22 19 0 0 0 0 0 0 1 0 0 1 1 1
22 20 0 0 0 0 0 0 1 0 0 1 1 1
22 21 0 0 0 0 0 0 1 0 0 1 1 1
22 22 0 0 0 0 0 0 1 0 0 1 1 1
22 23 0 0 0 0 0 0 1 0 0 1 1 1
22 24 0 0 0 0 0 0 1 0 0 1 1 1
22 25 0 0 0 0 0 0 1 0 0 1 1 1
22 26 0 0 0 0 0 0 1 0 0 1 1 1
22 27 0 0 0 0 0 0 1 0 0 1 1 1
22 28 0 0 0 0 0 0 1 0 0 1 1 1
22 29 0 0 0 0 0 0 1 0 0 1 1 1
22 30 0 0 0 0 0 0 1 0 0 1 1 1
22 31 0 0 0 0 0 0 1 0 0 1 1 1
22 32 0 0 0 0 0 0 1 0 0 1 1 1
22 33 0 0 0 0 0 0 1 0 0 1 1 1
22 34 0 0 0 0 0 0 1 0 0 1 1 1
22 35 0 0 0 0 0 0 1 0 0 1 1 1
22 36 0 0 0 0 0 0 1 0 0 1 1 1
22 37 0 0 0 0 0 0 1 0 0 1 1 1
22 38 0 0 0 0 0 0 1 0 0 1 1 1
22 39 0 0 0 0 0 0 1 0 0 1 1 1
22 40 0 0 0 0 0 0 1 0 0 1 1 1
22 41 0 0 0 0 0 0 1 0 0 1 1 1
22 42 0 0 0 0 0 0 1 0 0 1 1 1
22 43 0 0 0 0 0 0 1 0 0 1 1 1
22 44 0 0 0 0 0 0 1 0 0 1 1 1
22 45 0 0 0 0 0 0 1 0 0 1 1 1
22 46 0 0 0 0 0 0 1 0 0 1 1 1
22 47 0 0 0 0 0 0 1 0 0 1 1 1
22 48 0 0.0976 0.1071 0.0565 0.0337 0.0001 1 0 0 1.0976 1 1
22 49 0.0207 0.2489 0.2713 0.2075 0.1702 0.0467 1 0 0 1.2489 1 1
22 50 0.005 0.2724 0.2229 0.3136 0.1726 0.0135 1 0 0 1.2724 1 1
22 51 0 0.1032 0.1496 0.5512 0.1918 0.0042 1 0 0 1.1032 1 1
22 52 0 0.0834 0.2421 0.3903 0.158 0.1262 1 0 0 1.0834 1 1
22 53 0 0.0336 0.2602 0.257 0.2031 0.2461 1 0 0 1.0336 1 1
22 54 0 0.1071 0.2621 0.3725 0.1453 0.113 1 0 0 1.1071 1 1
22 55 0 0.0961 0.3755 0.3542 0.1657 0.0085 1 0 0 1.0961 1 1
22 56 0 0.3868 0.331 0.1761 0.0894 0.0167 1 0 0 1.3868 1 1
22 57 0.0746 0.4389 0.2835 0.1342 0.0403 0.0285 1 0 0 1.4389 1 1
22 58 0.0209 0.4379 0.3284 0.1058 0.05 0.057 1 0 0 1.4379 1 1
22 59 0 0.1432 0.269 0.5043 0.062 0.0215 1 0 0 1.1432 1 1
22 60 0 0.059 0.3939 0.1971 0.2086 0.1414 1 0 0 1.059 1 1
22 61 0 0.2456 0.2589 0.3602 0.0856 0.0497 1 0 0 1.2456 1 1
22 62 0.0131 0.0891 0.3091 0.4591 0.1064 0.0232 1 0 0 1.0891 1 1
22 63 0 0.0361 0.3128 0.3275 0.1901 0.1335 1 0 0 1.0361 1 1
22 64 0.0129 0.0528 0.1432 0.4654 0.231 0.0947 1 0 0 1.0528 1 1
22 65 0.0033 0.2037 0.2122 0.5229 0.042 0.0051 1 0 0 1.2037 1 1
22 66 0.0303 0.0916 0.1293 0.1704 0.0099 0.0192 1 0 0 1.0916 1 1
22 67 0 0 0 0.0002 0.0054 0 1 0 0 1 1 1
23 1 0 0 0 0 0 0 1 0 0 1 1 1
23 2 0 0 0 0 0 0 1 0 0 1 1 1
23 3 0 0 0 0 0 0 1 0 0 1 1 1
23 4 0 0 0 0 0 0 1 0 0 1 1 1
23 5 0 0 0 0 0 0 1 0 0 1 1 1
23 6 0 0 0 0 0 0 1 0 0 1 1 1
23 7 0 0 0 0 0 0 1 0 0 1 1 1
23 8 0 0 0 0 0 0 1 0 0 1 1 1
23 9 0 0 0 0 0 0 1 0 0 1 1 1
23 10 0 0 0 0 0 0 1 0 0 1 1 1
23 11 0 0 0 0 0 0 1 0 0 1 1 1
23 12 0 0 0 0 0 0 1 0 0 1 1 1
23 13 0 0 0 0 0 0 1 0 0 1 1 1
23 14 0 0 0 0 0 0 1 0 0 1 1 1
23 15 0 0 0 0 0 0 1 0 0 1 1 1
23 16 0 0 0 0 0 0 1 0 0 1 1 1
23 17 0 0 0 0 0 0 1 0 0 1 1 1
23 18 0 0 0 0 0 0 1 0 0 1 1 1
23 19 0 0 0 0 0 0 1 0 0 1 1 1
23 20 0 0 0 0 0 0 1 0 0 1 1 1
23 21 0 0 0 0 0 0 1 0 0 1 1 1
23 22 0 0 0 0 0 0 1 0 0 1 1 1
23 23 0 0 0 0 0 0 1 0 0 1 1 1
23 24 0 0 0 0 0 0 1 0 0 1 1 1
23 25 0 0 0 0 0 0 1 0 0 1 1 1
23 26 0 0 0 0 0 0 1 0 0 1 1 1
23 27 0 0 0 0 0 0 1 0 0 1 1 1
23 28 0 0 0 0 0 0 1 0 0 1 1 1
23 29 0 0 0 0 0 0 1 0 0 1 1 1
23 30 0 0 0 0 0 0 1 0 0 1 1 1
23 31 0 0 0 0 0 0 1 0 0 1 1 1
23 32 0 0 0 0 0 0 1 0 0 1 1 1
23 33 0 0 0 0 0 0 1 0 0 1 1 1
23 34 0 0 0 0 0 0 1 0 0 1 1 1
23 35 0 0 0 0 0 0 1 0 0 1 1 1
23 36 0 0 0 0 0 0 1 0 0 1 1 1
23 37 0 0 0 0 0 0 1 0 0 1 1 1
23 38 0 0 0 0 0 0 1 0 0 1 1 1
23 39 0 0 0 0 0 0 1 0 0 1 1 1
23 40 0 0 0 0 0 0 1 0 0 1 1 1
23 41 0 0 0 0 0 0 1 0 0 1 1 1
23 42 0 0 0 0 0 0 1 0 0 1 1 1
23 43 0 0 0 0 0 0 1 0 0 1 1 1
23 44 0 0 0 0 0 0 1 0 0 1 1 1
23 45 0 0 0 0 0 0 1 0 0 1 1 1
23 46 0 0 0 0 0 0 1 0 0 1 1 1
23 47 0 0 0 0 0 0 1 0 0 1 1 1
23 48 0 0.1195 0.1018 0.0196 0.0336 0.0065 1 0 0 1.1195 1 1
23 49 0.0261 0.3501 0.2172 0.1387 0.1193 0.0185 1 0 0 1.3501 1 1
23 50 0 0.3337 0.4208 0.1464 0.072 0.0271 1 0 0 1.3337 1 1
23 51 0.004 0.336 0.4239 0.1127 0.1102 0.0132 1 0 0 1.336 1 1
23 52 0.0039 0.4859 0.2408 0.1801 0.0823 0.007 1 0 0 1.4859 1 1
23 53 0.011 0.5444 0.3598 0.0454 0.0394 0 1 0 0 1.5444 1 1
23 54 0.0362 0.5615 0.3033 0.0632 0.0358 0 1 0 0 1.5615 1 1
23 55 0.0205 0.4688 0.3317 0.0909 0.0815 0.0066 1 0 0 1.4688 1 1
23 56 0.0046 0.5476 0.2648 0.0621 0.0804 0.0405 1 0 0 1.5476 1 1
23 57 0.0065 0.3648 0.4123 0.1301 0.0685 0.0178 1 0 0 1.3648 1 1
23 58 0.0662 0.3438 0.3109 0.1611 0.0697 0.0483 1 0 0 1.3438 1 1
23 59 0.0079 0.5051 0.1857 0.1412 0.0636 0.0965 1 0 0 1.5051 1 1
23 60 0.0153 0.4289 0.1642 0.1352 0.116 0.1404 1 0 0 1.4289 1 1
23 61 0.0339 0.6071 0.1624 0.1291 0.0603 0.0072 1 0 0 1.6071 1 1
23 62 0.0218 0.5599 0.1799 0.0786 0.1309 0.0289 1 0 0 1.5599 1 1
23 63 0 0.0501 0.383 0.1503 0.2858 0.1308 1 0 0 1.0501 1 1
23 64 0 0.0599 0.5068 0.2154 0.1814 0.0365 1 0 0 1.0599 1 1
23 65 0 0.1601 0.1861 0.4788 0.0963 0.0787 1 0 0 1.1601 1 1
23 66 0.0155 0.0568 0.1685 0.4217 0.0102 0.0152 1 0 0 1.0568 1 1
23 67 0 0.0048 0 0.0027 0.0003 0.0008 1 0 0 1.0048 1 1
24 1 0 0 0 0 0 0 1 0 0 1 1 1
24 2 0 0 0 0 0 0 1 0 0 1 1 1
24 3 0 0 0 0 0 0 1 0 0 1 1 1
24 4 0 0 0 0 0 0 1 0 0 1 1 1
24 5 0 0 0 0 0 0 1 0 0 1 1 1
24 6 0 0 0 0 0 0 1 0 0 1 1 1
24 7 0 0 0 0 0 0 1 0 0 1 1 1
24 8 0 0 0 0 0 0 1 0 0 1 1 1
24 9 0 0 0 0 0 0 1 0 0 1 1 1
24 10 0 0 0 0 0 0 1 0 0 1 1 1
24 11 0 0 0 0 0 0 1 0 0 1 1 1
24 12 0 0 0 0 0 0 1 0 0 1 1 1
24 13 0 0 0 0 0 0 1 0 0 1 1 1
24 14 0 0 0 0 0 0 1 0 0 1 1 1
24 15 0 0 0 0 0 0 1 0 0 1 1 1
24 16 0 0 0 0 0 0 1 0 0 1 1 1
24 17 0 0 0 0 0 0 1 0 0 1 1 1
24 18 0 0 0 0 0 0 1 0 0 1 1 1
24 19 0 0 0 0 0 0 1 0 0 1 1 1
24 20 0 0 0 0 0 0 1 0 0 1 1 1
24 21 0 0 0 0 0 0 1 0 0 1 1 1
24 22 0 0 0 0 0 0 1 0 0 1 1 1
24 23 0 0 0 0 0 0 1 0 0 1 1 1
24 24 0 0 0 0 0 0 1 0 0 1 1 1
24 25 0 0 0 0 0 0 1 0 0 1 1 1
24 26 0 0 0 0 0 0 1 0 0 1 1 1
24 27 0 0 0 0 0 0 1 0 0 1 1 1
24 28 0 0 0 0 0 0 1 0 0 1 1 1
24 29 0 0 0 0 0 0 1 0 0 1 1 1
24 30 0 0 0 0 0 0 1 0 0 1 1 1
24 31 0 0 0 0 0 0 1 0 0 1 1 1
24 32 0 0 0 0 0 0 1 0 0 1 1 1
24 33 0 0 0 0 0 0 1 0 0 1 1 1
24 34 0 0 0 0 0 0 1 0 0 1 1 1
24 35 0 0 0 0 0 0 1 0 0 1 1 1
24 36 0 0 0 0 0 0 1 0 0 1 1 1
24 37 0 0 0 0 0 0 1 0 0 1 1 1
24 38 0 0 0 0 0 0 1 0 0 1 1 1
24 39 0 0 0 0 0 0 1 0 0 1 1 1
24 40 0 0 0 0 0 0 1 0 0 1 1 1
24 41 0 0 0 0 0 0 1 0 0 1 1 1
24 42 0 0 0 0 0 0 1 0 0 1 1 1
24 43 0 0 0 0 0 0 1 0 0 1 1 1
24 44 0 0 0 0 0 0 1 0 0 1 1 1
24 45 0 0 0 0 0 0 1 0 0 1 1 1
24 46 0 0 0 0 0 0 1 0 0 1 1 1
24 47 0 0 0 0 0 0 1 0 0 1 1 1
24 48 0 0.0757 0.0869 0.036 0.0008 0 1 0 0 1.0757 1 1
24 49 0 0.576 0.2903 0.1113 0.021 0 1 0 0 1.576 1 1
24 50 0.0161 0.4953 0.2684 0.0983 0.0807 0.0412 1 0 0 1.4953 1 1
24 51 0.0026 0.3296 0.2326 0.2323 0.1847 0.0182 1 0 0 1.3296 1 1
24 52 0.1444 0.5279 0.1508 0.0849 0.0721 0.0199 1 0 0 1.5279 1 1
24 53 0.0053 0.5684 0.3242 0.0446 0.0467 0.0108 1 0 0 1.5684 1 1
24 54 0.0215 0.5017 0.3887 0.0262 0.0619 0 1 0 0 1.5017 1 1
24 55 0.0134 0.391 0.4042 0.0372 0.116 0.0382 1 0 0 1.391 1 1
24 56 0.0104 0.4835 0.3957 0.0318 0.0592 0.0194 1 0 0 1.4835 1 1
24 57 0.0037 0.3925 0.4435 0.0688 0.065 0.0265 1 0 0 1.3925 1 1
24 58 0.008 0.7116 0.1992 0.0694 0.0114 0.0004 1 0 0 1.7116 1 1
24 59 0.0253 0.5489 0.2806 0.0638 0.0737 0.0077 1 0 0 1.5489 1 1
24 60 0.0252 0.5452 0.1766 0.1235 0.1295 0 1 0 0 1.5452 1 1
24 61 0.0059 0.4342 0.2467 0.1074 0.1944 0.0114 1 0 0 1.4342 1 1
24 62 0.0685 0.5153 0.2423 0.09 0.0654 0.0185 1 0 0 1.5153 1 1
24 63 0.0207 0.4304 0.2004 0.142 0.1331 0.0734 1 0 0 1.4304 1 1
24 64 0 0.4905 0.2218 0.1548 0.0926 0.0403 1 0 0 1.4905 1 1
24 65 0 0.3382 0.4348 0.1368 0.0902 0 1 0 0 1.3382 1 1
24 66 0 0.1806 0.282 0.253 0.0647 0.0065 1 0 0 1.1806 1 1
24 67 0 0.0004 0 0 0 0 1 0 0 1.0004 1 1
25 2 0 0 0 0 0 0 1 0 0 1 1 1
25 3 0 0 0 0 0 0 1 0 0 1 1 1
25 4 0 0 0 0 0 0 1 0 0 1 1 1
25 5 0 0 0 0 0 0 1 0 0 1 1 1
25 6 0 0 0 0 0 0 1 0 0 1 1 1
25 7 0 0 0 0 0 0 1 0 0 1 1 1
25 8 0 0 0 0 0 0 1 0 0 1 1 1
25 9 0 0 0 0 0 0 1 0 0 1 1 1
25 10 0 0 0 0 0 0 1 0 0 1 1 1
25 11 0 0 0 0 0 0 1 0 0 1 1 1
25 12 0 0 0 0 0 0 1 0 0 1 1 1
25 13 0 0 0 0 0 0 1 0 0 1 1 1
25 14 0 0 0 0 0 0 1 0 0 1 1 1
25 15 0 0 0 0 0 0 1 0 0 1 1 1
25 16 0 0 0 0 0 0 1 0 0 1 1 1
25 17 0 0 0 0 0 0 1 0 0 1 1 1
25 18 0 0 0 0 0 0 1 0 0 1 1 1
25 19 0 0 0 0 0 0 1 0 0 1 1 1
25 20 0 0 0 0 0 0 1 0 0 1 1 1
25 21 0 0 0 0 0 0 1 0 0 1 1 1
25 22 0 0 0 0 0 0 1 0 0 1 1 1
25 23 0 0 0 0 0 0 1 0 0 1 1 1
25 24 0 0 0 0 0 0 1 0 0 1 1 1
25 25 0 0 0 0 0 0 1 0 0 1 1 1
25 26 0 0 0 0 0 0 1 0 0 1 1 1
25 27 0 0 0 0 0 0 1 0 0 1 1 1
25 28 0 0 0 0 0 0 1 0 0 1 1 1
25 29 0 0 0 0 0 0 1 0 0 1 1 1
25 30 0 0 0 0 0 0 1 0 0 1 1 1
25 31 0 0 0 0 0 0 1 0 0 1 1 1
25 32 0 0 0 0 0 0 1 0 0 1 1 1
25 33 0 0 0 0 0 0 1 0 0 1 1 1
25 34 0 0 0 0 0 0 1 0 0 1 1 1
25 35 0 0 0 0 0 0 1 0 0 1 1 1
25 36 0 0 0 0 0 0 1 0 0 1 1 1
25 37 0 0 0 0 0 0 1 0 0 1 1 1
25 38 0 0 0 0 0 0 1 0 0 1 1 1
25 39 0 0 0 0 0 0 1 0 0 1 1 1
25 40 0 0 0 0 0 0 1 0 0 1 1 1
25 41 0 0 0 0 0 0 1 0 0 1 1 1
25 42 0 0 0 0 0 0 1 0 0 1 1 1
25 43 0 0 0 0 0 0 1 0 0 1 1 1
25 44 0 0 0 0 0 0 1 0 0 1 1 1
25 45 0 0 0 0 0 0 1 0 0 1 1 1
25 46 0 0 0 0 0 0 1 0 0 1 1 1
25 47 0 0 0 0 0 0 1 0 0 1 1 1
25 48 0 0.1083 0.1056 0.3353 0.0766 0.0199 1 0 0 1.1083 1 1
25 49 0.0241 0.3132 0.2498 0.2576 0.1281 0.0272 1 0 0 1.3132 1 1
25 50 0.0112 0.4228 0.3083 0.1222 0.1212 0.0143 1 0 0 1.4228 1 1
25 51 0.0064 0.4763 0.3572 0.11 0.0499 0.0002 1 0 0 1.4763 1 1
25 52 0.0106 0.5598 0.2861 0.0394 0.0705 0.0336 1 0 0 1.5598 1 1
25 53 0.0122 0.4457 0.3708 0.0571 0.0818 0.0324 1 0 0 1.4457 1 1
25 54 0 0.1617 0.3963 0.1462 0.1582 0.1376 1 0 0 1.1617 1 1
25 55 0 0.3067 0.2626 0.1765 0.1238 0.1304 1 0 0 1.3067 1 1
25 56 0.0206 0.6053 0.2879 0.0209 0.0552 0.0101 1 0 0 1.6053 1 1
25 57 0.0061 0.4537 0.4493 0.0514 0.0321 0.0074 1 0 0 1.4537 1 1
25 58 0.0039 0.1787 0.6048 0.144 0.0447 0.0239 1 0 0 1.1787 1 1
25 59 0.0239 0.6696 0.1689 0.0991 0.034 0.0045 1 0 0 1.6696 1 1
25 60 0.0061 0.5982 0.2176 0.1365 0.038 0.0036 1 0 0 1.5982 1 1
25 61 0.0058 0.4181 0.3159 0.1102 0.125 0.025 1 0 0 1.4181 1 1
25 62 0.0301 0.4632 0.2746 0.0946 0.1238 0.0137 1 0 0 1.4632 1 1
25 63 0.0066 0.5465 0.2751 0.0834 0.0825 0.0059 1 0 0 1.5465 1 1
25 64 0.0315 0.6218 0.2291 0.0604 0.0483 0.0089 1 0 0 1.6218 1 1
25 65 0.017 0.6239 0.2722 0.0307 0.0562 0 1 0 0 1.6239 1 1
25 66 0.0146 0.1245 0.2483 0.2026 0.1793 0 1 0 0 1.1245 1 1
26 2 0 0 0 0 0 0 1 0 0 1 1 1
26 3 0 0 0 0 0 0 1 0 0 1 1 1
26 4 0 0 0 0 0 0 1 0 0 1 1 1
26 5 0 0 0 0 0 0 1 0 0 1 1 1
26 6 0 0 0 0 0 0 1 0 0 1 1 1
26 7 0 0 0 0 0 0 1 0 0 1 1 1
26 8 0 0 0 0 0 0 1 0 0 1 1 1
26 9 0 0 0 0 0 0 1 0 0 1 1 1
26 10 0 0 0 0 0 0 1 0 0 1 1 1
26 11 0 0 0 0 0 0 1 0 0 1 1 1
26 12 0 0 0 0 0 0 1 0 0 1 1 1
26 13 0 0 0 0 0 0 1 0 0 1 1 1
26 14 0 0 0 0 0 0 1 0 0 1 1 1
26 15 0 0 0 0 0 0 1 0 0 1 1 1
26 16 0 0 0 0 0 0 1 0 0 1 1 1
26 17 0 0 0 0 0 0 1 0 0 1 1 1
26 18 0 0 0 0 0 0 1 0 0 1 1 1
26 19 0 0 0 0 0 0 1 0 0 1 1 1
26 20 0 0 0 0 0 0 1 0 0 1 1 1
26 21 0 0 0 0 0 0 1 0 0 1 1 1
26 22 0 0 0 0 0 0 1 0 0 1 1 1
26 23 0 0 0 0 0 0 1 0 0 1 1 1
26 24 0 0 0 0 0 0 1 0 0 1 1 1
26 25 0 0 0 0 0 0 1 0 0 1 1 1
26 26 0 0 0 0 0 0 1 0 0 1 1 1
26 27 0 0 0 0 0 0 1 0 0 1 1 1
26 28 0 0 0 0 0 0 1 0 0 1 1 1
26 29 0 0 0 0 0 0 1 0 0 1 1 1
26 30 0 0 0 0 0 0 1 0 0 1 1 1
26 31 0 0 0 0 0 0 1 0 0 1 1 1
26 32 0 0 0 0 0 0 1 0 0 1 1 1
26 33 0 0 0 0 0 0 1 0 0 1 1 1
26 34 0 0 0 0 0 0 1 0 0 1 1 1
26 35 0 0 0 0 0 0 1 0 0 1 1 1
26 36 0 0 0 0 0 0 1 0 0 1 1 1
26 37 0 0 0 0 0 0 1 0 0 1 1 1
26 38 0 0 0 0 0 0 1 0 0 1 1 1
26 39 0 0 0 0 0 0 1 0 0 1 1 1
26 40 0 0 0 0 0 0 1 0 0 1 1 1
26 41 0 0 0 0 0 0 1 0 0 1 1 1
26 42 0 0 0 0 0 0 1 0 0 1 1 1
26 43 0 0 0 0 0 0 1 0 0 1 1 1
26 44 0 0 0 0 0 0 1 0 0 1 1 1
26 45 0 0 0 0 0 0 1 0 0 1 1 1
26 46 0 0 0 0 0 0 1 0 0 1 1 1
26 47 0 0.0027 0.0167 0.0024 0.0039 0 1 0 0 1.0027 1 1
26 48 0.0002 0.1769 0.3352 0.2194 0.1561 0.0578 1 0 0 1.1769 1 1
26 49 0.0073 0.1855 0.3683 0.1885 0.167 0.0834 1 0 0 1.1855 1 1
26 50 0.0063 0.4757 0.417 0.0124 0.0508 0.0378 1 0 0 1.4757 1 1
26 51 0.0216 0.6007 0.2781 0.0589 0.0407 0 1 0 0 1.6007 1 1
26 52 0 0.392 0.2577 0.0459 0.0516 0.2528 1 0 0 1.392 1 1
26 53 0.01 0.2657 0.4255 0.0196 0.1003 0.1789 1 0 0 1.2657 1 1
26 54 0 0.4116 0.4106 0.0765 0.0991 0.0022 1 0 0 1.4116 1 1
26 55 0.0131 0.3044 0.3039 0.0717 0.1394 0.1675 1 0 0 1.3044 1 1
26 56 0.0552 0.5891 0.2876 0.0213 0.0442 0.0026 1 0 0 1.5891 1 1
26 57 0.0047 0.3177 0.3335 0.1505 0.1541 0.0395 1 0 0 1.3177 1 1
26 58 0 0.1056 0.5013 0.2124 0.055 0.1257 1 0 0 1.1056 1 1
26 59 0 0.1899 0.2161 0.3119 0.1284 0.1537 1 0 0 1.1899 1 1
26 60 0.0151 0.4335 0.2687 0.1865 0.0962 0 1 0 0 1.4335 1 1
26 61 0.0298 0.5825 0.1682 0.0956 0.1239 0 1 0 0 1.5825 1 1
26 62 0.0061 0.5805 0.2434 0.0455 0.1221 0.0024 1 0 0 1.5805 1 1
26 63 0.0253 0.7582 0.1415 0.0253 0.0497 0 1 0 0 1.7582 1 1
26 64 0.1207 0.672 0.1236 0.0294 0.0543 0 1 0 0 1.672 1 1
26 65 0.0457 0.5549 0.301 0.028 0.0675 0.0029 1 0 0 1.5549 1 1
26 66 0.0453 0.1775 0.1578 0.0637 0.1162 0.0113 1 0 0 1.1775 1 1
27 2 0 0 0 0 0 0 1 0 0 1 1 1
27 3 0 0 0 0 0 0 1 0 0 1 1 1
27 4 0 0 0 0 0 0 1 0 0 1 1 1
27 5 0 0 0 0 0 0 1 0 0 1 1 1
27 6 0 0 0 0 0 0 1 0 0 1 1 1
27 7 0 0 0 0 0 0 1 0 0 1 1 1
27 8 0 0 0 0 0 0 1 0 0 1 1 1
27 9 0 0 0 0 0 0 1 0 0 1 1 1
27 10 0 0 0 0 0 0 1 0 0 1 1 1
27 11 0 0 0 0 0 0 1 0 0 1 1 1
27 12 0 0 0 0 0 0 1 0 0 1 1 1
27 13 0 0 0 0 0 0 1 0 0 1 1 1
27 14 0 0 0 0 0 0 1 0 0 1 1 1
27 15 0 0 0 0 0 0 1 0 0 1 1 1
27 16 0 0 0 0 0 0 1 0 0 1 1 1
27 17 0 0 0 0 0 0 1 0 0 1 1 1
27 18 0 0 0 0 0 0 1 0 0 1 1 1
27 19 0 0 0 0 0 0 1 0 0 1 1 1
27 20 0 0 0 0 0 0 1 0 0 1 1 1
27 21 0 0 0 0 0 0 1 0 0 1 1 1
27 22 0 0 0 0 0 0 1 0 0 1 1 1
27 23 0 0 0 0 0 0 1 0 0 1 1 1
27 24 0 0 0 0 0 0 1 0 0 1 1 1
27 25 0 0 0 0 0 0 1 0 0 1 1 1
27 26 0 0 0 0 0 0 1 0 0 1 1 1
27 27 0 0 0 0 0 0 1 0 0 1 1 1
27 28 0 0 0 0 0 0 1 0 0 1 1 1
27 29 0 0 0 0 0 0 1 0 0 1 1 1
27 30 0 0 0 0 0 0 1 0 0 1 1 1
27 31 0 0 0 0 0 0 1 0 0 1 1 1
27 32 0 0 0 0 0 0 1 0 0 1 1 1
27 33 0 0 0 0 0 0 1 0 0 1 1 1
27 34 0 0 0 0 0 0 1 0 0 1 1 1
27 35 0 0 0 0 0 0 1 0 0 1 1 1
27 36 0 0 0 0 0 0 1 0 0 1 1 1
27 37 0 0 0 0 0 0 1 0 0 1 1 1
27 38 0 0 0 0 0 0 1 0 0 1 1 1
27 39 0 0 0 0 0 0 1 0 0 1 1 1
27 40 0 0 0 0 0 0 1 0 0 1 1 1
27 41 0 0 0 0 0 0 1 0 0 1 1 1
27 42 0 0 0 0 0 0 1 0 0 1 1 1
27 43 0 0 0 0 0 0 1 0 0 1 1 1
27 44 0 0 0 0 0 0 1 0 0 1 1 1
27 45 0 0 0 0 0 0 1 0 0 1 1 1
27 46 0 0 0 0 0 0 1 0 0 1 1 1
27 47 0 0 0.0166 0.2207 0.0673 0 1 0 0 1 1 1
27 48 0.001 0.5039 0.2152 0.1898 0.0855 0.0046 1 0 0 1.5039 1 1
27 49 0.0452 0.4247 0.3169 0.1028 0.0914 0.019 1 0 0 1.4247 1 1
27 50 0.0102 0.4713 0.2973 0.0922 0.0917 0.0373 1 0 0 1.4713 1 1
27 51 0.0024 0.2071 0.1709 0.054 0.0246 0.541 1 0 0 1.2071 1 1
27 52 0 0.0201 0.0014 0 0.0013 0.9772 1 0 0 1.0201 1 1
27 53 0 0.0631 0.1291 0.0614 0.0518 0.6946 1 0 0 1.0631 1 1
27 54 0 0.068 0.4912 0.2033 0.1502 0.0873 1 0 0 1.068 1 1
27 55 0.0005 0.1261 0.3635 0.1363 0.1289 0.2447 1 0 0 1.1261 1 1
27 56 0.0064 0.3532 0.5404 0.0288 0.0712 0 1 0 0 1.3532 1 1
27 57 0.0202 0.3608 0.4253 0.131 0.0587 0.004 1 0 0 1.3608 1 1
27 58 0.0083 0.3643 0.367 0.1803 0.0532 0.0269 1 0 0 1.3643 1 1
27 59 0 0.3228 0.4116 0.1276 0.1141 0.0239 1 0 0 1.3228 1 1
27 60 0.0047 0.3258 0.3331 0.1753 0.1321 0.029 1 0 0 1.3258 1 1
27 61 0.0118 0.6566 0.108 0.1446 0.0621 0.0169 1 0 0 1.6566 1 1
27 62 0 0.1945 0.3081 0.29 0.2074 0 1 0 0 1.1945 1 1
27 63 0.0093 0.4274 0.2329 0.2097 0.1149 0.0058 1 0 0 1.4274 1 1
27 64 0.0034 0.571 0.2338 0.1438 0.048 0 1 0 0 1.571 1 1
27 65 0.0115 0.4407 0.178 0.2181 0.0921 0.0596 1 0 0 1.4407 1 1
27 66 0.0073 0.2417 0.3481 0.1056 0.1334 0.0194 1 0 0 1.2417 1 1
28 2 0 0 0 0 0 0 1 0 0 1 1 1
28 3 0 0 0 0 0 0 1 0 0 1 1 1
28 4 0 0 0 0 0 0 1 0 0 1 1 1
28 5 0 0 0 0 0 0 1 0 0 1 1 1
28 6 0 0 0 0 0 0 1 0 0 1 1 1
28 7 0 0 0 0 0 0 1 0 0 1 1 1
28 8 0 0 0 0 0 0 1 0 0 1 1 1
28 9 0 0 0 0 0 0 1 0 0 1 1 1
28 10 0 0 0 0 0 0 1 0 0 1 1 1
28 11 0 0 0 0 0 0 1 0 0 1 1 1
28 12 0 0 0 0 0 0 1 0 0 1 1 1
28 13 0 0 0 0 0 0 1 0 0 1 1 1
28 14 0 0 0 0 0 0 1 0 0 1 1 1
28 15 0 0 0 0 0 0 1 0 0 1 1 1
28 16 0 0 0 0 0 0 1 0 0 1 1 1
28 17 0 0 0 0 0 0 1 0 0 1 1 1
28 18 0 0 0 0 0 0 1 0 0 1 1 1
28 19 0 0 0 0 0 0 1 0 0 1 1 1
28 20 0 0 0 0 0 0 1 0 0 1 1 1
28 21 0 0 0 0 0 0 1 0 0 1 1 1
28 22 0 0 0 0 0 0 1 0 0 1 1 1
28 23 0 0 0 0 0 0 1 0 0 1 1 1
28 24 0 0 0 0 0 0 1 0 0 1 1 1
28 25 0 0 0 0 0 0 1 0 0 1 1 1
28 26 0 0 0 0 0 0 1 0 0 1 1 1
28 27 0 0 0 0 0 0 1 0 0 1 1 1
28 28 0 0 0 0 0 0 1 0 0 1 1 1
28 29 0 0 0 0 0 0 1 0 0 1 1 1
28 30 0 0 0 0 0 0 1 0 0 1 1 1
28 31 0 0 0 0 0 0 1 0 0 1 1 1
28 32 0 0 0 0 0 0 1 0 0 1 1 1
28 33 0 0 0 0 0 0 1 0 0 1 1 1
28 34 0 0 0 0 0 0 1 0 0 1 1 1
28 35 0 0 0 0 0 0 1 0 0 1 1 1
28 36 0 0 0 0 0 0 1 0 0 1 1 1
28 37 0 0 0 0 0 0 1 0 0 1 1 1
28 38 0 0 0 0 0 0 1 0 0 1 1 1
28 39 0 0 0 0 0 0 1 0 0 1 1 1
28 40 0 0 0 0 0 0 1 0 0 1 1 1
28 41 0 0 0 0 0 0 1 0 0 1 1 1
28 42 0 0 0 0 0 0 1 0 0 1 1 1
28 43 0 0 0 0 0 0 1 0 0 1 1 1
28 44 0 0 0 0 0 0 1 0 0 1 1 1
28 45 0 0 0 0 0 0 1 0 0 1 1 1
28 46 0.0308 0.0066 0.0002 0 0.0019 0 1 0 0 1.0066 1 1
28 47 0.039 0.1255 0.0635 0.1984 0.0763 0.0048 1 0 0 1.1255 1 1
28 48 0.008 0.3898 0.2662 0.2228 0.1101 0.0031 1 0 0 1.3898 1 1
28 49 0 0.2707 0.1358 0.4371 0.1371 0.0193 1 0 0 1.2707 1 1
28 50 0.0104 0.3674 0.2247 0.2572 0.0748 0.0655 1 0 0 1.3674 1 1
28 51 0.01 0.4705 0.2253 0.2202 0.0595 0.0145 1 0 0 1.4705 1 1
28 52 0.0094 0.6748 0.1794 0.0422 0.0156 0.0786 1 0 0 1.6748 1 1
28 53 0.0155 0.4413 0.2794 0.0401 0.0935 0.1302 1 0 0 1.4413 1 1
28 54 0 0.0637 0.406 0.138 0.2154 0.1769 1 0 0 1.0637 1 1
28 55 0.01 0.2819 0.5124 0.0352 0.0765 0.084 1 0 0 1.2819 1 1
28 56 0.0009 0.3427 0.4815 0.0718 0.0912 0.0119 1 0 0 1.3427 1 1
28 57 0.0458 0.4892 0.3081 0.1145 0.0335 0.0089 1 0 0 1.4892 1 1
28 58 0.0282 0.4689 0.2542 0.1748 0.0354 0.0385 1 0 0 1.4689 1 1
28 59 0 0.2232 0.4634 0.2145 0.0804 0.0185 1 0 0 1.2232 1 1
28 60 0 0.0689 0.6633 0.1139 0.1432 0.0107 1 0 0 1.0689 1 1
28 61 0.0098 0.435 0.3183 0.1175 0.1194 0 1 0 0 1.435 1 1
28 62 0.0097 0.3658 0.212 0.257 0.1352 0.0203 1 0 0 1.3658 1 1
28 63 0 0.2505 0.2166 0.4067 0.0836 0.0426 1 0 0 1.2505 1 1
28 64 0.0063 0.1767 0.3984 0.22 0.1518 0.0468 1 0 0 1.1767 1 1
28 65 0.0057 0.2635 0.2685 0.2896 0.1172 0.0555 1 0 0 1.2635 1 1
28 66 0.0191 0.3099 0.119 0.0177 0.0418 0.0166 1 0 0 1.3099 1 1
29 3 0 0 0 0 0 0 1 0 0 1 1 1
29 4 0 0 0 0 0 0 1 0 0 1 1 1
29 5 0 0 0 0 0 0 1 0 0 1 1 1
29 6 0 0 0 0 0 0 1 0 0 1 1 1
29 7 0 0 0 0 0 0 1 0 0 1 1 1
29 8 0 0 0 0 0 0 1 0 0 1 1 1
29 9 0 0 0 0 0 0 1 0 0 1 1 1
29 10 0 0 0 0 0 0 1 0 0 1 1 1
29 11 0 0 0 0 0 0 1 0 0 1 1 1
29 12 0 0 0 0 0 0 1 0 0 1 1 1
29 13 0 0 0 0 0 0 1 0 0 1 1 1
29 14 0 0 0 0 0 0 1 0 0 1 1 1
29 15 0 0 0 0 0 0 1 0 0 1 1 1
29 16 0 0 0 0 0 0 1 0 0 1 1 1
29 17 0 0 0 0 0 0 1 0 0 1 1 1
29 18 0 0 0 0 0 0 1 0 0 1 1 1
29 19 0 0 0 0 0 0 1 0 0 1 1 1
29 20 0 0 0 0 0 0 1 0 0 1 1 1
29 21 0 0 0 0 0 0 1 0 0 1 1 1
29 22 0 0 0 0 0 0 1 0 0 1 1 1
29 23 0 0 0 0 0 0 1 0 0 1 1 1
29 24 0 0 0 0 0 0 1 0 0 1 1 1
29 25 0 0 0 0 0 0 1 0 0 1 1 1
29 26 0 0 0 0 0 0 1 0 0 1 1 1
29 27 0 0 0 0 0 0 1 0 0 1 1 1
29 28 0 0 0 0 0 0 1 0 0 1 1 1
29 29 0 0 0 0 0 0 1 0 0 1 1 1
29 30 0 0 0 0 0 0 1 0 0 1 1 1
29 31 0 0 0 0 0 0 1 0 0 1 1 1
29 32 0 0 0 0 0 0 1 0 0 1 1 1
29 33 0 0 0 0 0 0 1 0 0 1 1 1
29 34 0 0 0 0 0 0 1 0 0 1 1 1
29 35 0 0 0 0 0 0 1 0 0 1 1 1
29 36 0 0 0 0 0 0 1 0 0 1 1 1
29 37 0 0 0 0 0 0 1 0 0 1 1 1
29 38 0 0 0 0 0 0 1 0 0 1 1 1
29 39 0 0 0 0 0 0 1 0 0 1 1 1
29 40 0 0 0 0 0 0 1 0 0 1 1 1
29 41 0 0 0 0 0 0 1 0 0 1 1 1
29 42 0 0 0 0 0 0 1 0 0 1 1 1
29 43 0 0 0 0 0 0 1 0 0 1 1 1
29 44 0 0 0 0 0 0 1 0 0 1 1 1
29 45 0 0 0 0 0 0 1 0 0 1 1 1
29 46 0.0007 0.226 0.0383 0.0685 0.0329 0.0035 1 0 0 1.226 1 1
29 47 0.0047 0.4126 0.1682 0.2607 0.1474 0.0064 1 0 0 1.4126 1 1
29 48 0.0426 0.4893 0.2516 0.1265 0.0858 0.0042 1 0 0 1.4893 1 1
29 49 0.0086 0.5829 0.2854 0.0835 0.0396 0 1 0 0 1.5829 1 1
29 50 0.0172 0.4631 0.4804 0.0339 0.0054 0 1 0 0 1.4631 1 1
29 51 0.0079 0.6274 0.1301 0.1366 0.098 0 1 0 0 1.6274 1 1
29 52 0.0649 0.5361 0.1808 0.1407 0.0696 0.0079 1 0 0 1.5361 1 1
29 53 0.0041 0.5272 0.2097 0.0732 0.095 0.0908 1 0 0 1.5272 1 1
29 54 0 0.1833 0.3297 0.079 0.2827 0.1253 1 0 0 1.1833 1 1
29 55 0 0.2247 0.531 0.0655 0.1761 0.0027 1 0 0 1.2247 1 1
29 56 0.0137 0.5861 0.2707 0.0758 0.0402 0.0135 1 0 0 1.5861 1 1
29 57 0.0207 0.5427 0.3066 0.0664 0.0196 0.044 1 0 0 1.5427 1 1
29 58 0.0104 0.6067 0.2823 0.0688 0.0272 0.0046 1 0 0 1.6067 1 1
29 59 0.0274 0.5234 0.385 0.0409 0.0233 0 1 0 0 1.5234 1 1
29 60 0 0.189 0.6569 0.084 0.0656 0.0045 1 0 0 1.189 1 1
29 61 0 0.1248 0.4884 0.2216 0.1652 0 1 0 0 1.1248 1 1
29 62 0 0.0215 0.6249 0.1592 0.1717 0.0227 1 0 0 1.0215 1 1
29 63 0.0055 0.0531 0.3762 0.1567 0.3507 0.0578 1 0 0 1.0531 1 1
29 64 0 0.0793 0.4854 0.2276 0.173 0.0347 1 0 0 1.0793 1 1
29 65 0.1067 0.4755 0.2636 0.0498 0.1044 0 1 0 0 1.4755 1 1
29 66 0.0028 0.1341 0.0322 0.0144 0.0405 0 1 0 0 1.1341 1 1
30 3 0 0 0 0 0 0 1 0 0 1 1 1
30 4 0 0 0 0 0 0 1 0 0 1 1 1
30 5 0 0 0 0 0 0 1 0 0 1 1 1
30 6 0 0 0 0 0 0 1 0 0 1 1 1
30 7 0 0 0 0 0 0 1 0 0 1 1 1
30 8 0 0 0 0 0 0 1 0 0 1 1 1
30 9 0 0 0 0 0 0 1 0 0 1 1 1
30 10 0 0 0 0 0 0 1 0 0 1 1 1
30 11 0 0 0 0 0 0 1 0 0 1 1 1
30 12 0 0 0 0 0 0 1 0 0 1 1 1
30 13 0 0 0 0 0 0 1 0 0 1 1 1
30 14 0 0 0 0 0 0 1 0 0 1 1 1
30 15 0 0 0 0 0 0 1 0 0 1 1 1
30 16 0 0 0 0 0 0 1 0 0 1 1 1
30 17 0 0 0 0 0 0 1 0 0 1 1 1
30 18 0 0 0 0 0 0 1 0 0 1 1 1
30 19 0 0 0 0 0 0 1 0 0 1 1 1
30 20 0 0 0 0 0 0 1 0 0 1 1 1
30 21 0 0 0 0 0 0 1 0 0 1 1 1
30 22 0 0 0 0 0 0 1 0 0 1 1 1
30 23 0 0 0 0 0 0 1 0 0 1 1 1
30 24 0 0 0 0 0 0 1 0 0 1 1 1
30 25 0 0 0 0 0 0 1 0 0 1 1 1
30 26 0 0 0 0 0 0 1 0 0 1 1 1
30 27 0 0 0 0 0 0 1 0 0 1 1 1
30 28 0 0 0 0 0 0 1 0 0 1 1 1
30 29 0 0 0 0 0 0 1 0 0 1 1 1
30 30 0 0 0 0 0 0 1 0 0 1 1 1
30 31 0 0 0 0 0 0 1 0 0 1 1 1
30 32 0 0 0 0 0 0 1 0 0 1 1 1
30 33 0 0 0 0 0 0 1 0 0 1 1 1
30 34 0 0 0 0 0 0 1 0 0 1 1 1
30 35 0 0 0 0 0 0 1 0 0 1 1 1
30 36 0 0 0 0 0 0 1 0 0 1 1 1
30 37 0 0 0 0 0 0 1 0 0 1 1 1
30 38 0 0 0 0 0 0 1 0 0 1 1 1
30 39 0 0 0 0 0 0 1 0 0 1 1 1
30 40 0 0 0 0 0 0 1 0 0 1 1 1
30 41 0 0 0 0 0 0 1 0 0 1 1 1
30 42 0 0 0 0 0 0 1 0 0 1 1 1
30 43 0 0 0 0 0 0 1 0 0 1 1 1
30 44 0 0 0 0 0 0 1 0 0 1 1 1
30 45 0 0.0923 0.0663 0.2212 0.059 0 1 0 0 1.0923 1 1
30 46 0.0027 0.301 0.3157 0.2507 0.0868 0.0386 1 0 0 1.301 1 1
30 47 0.0046 0.3626 0.3826 0.0942 0.1413 0.0147 1 0 0 1.3626 1 1
30 48 0.0058 0.6231 0.261 0.0597 0.0363 0.0141 1 0 0 1.6231 1 1
30 49 0.0076 0.494 0.4477 0.017 0.0245 0.0092 1 0 0 1.494 1 1
30 50 0.0413 0.3996 0.3703 0.1112 0.0395 0.0381 1 0 0 1.3996 1 1
30 51 0.0067 0.5134 0.3305 0.0945 0.0439 0.011 1 0 0 1.5134 1 1
30 52 0.0081 0.6563 0.2657 0.0146 0.0454 0.0099 1 0 0 1.6563 1 1
30 53 0.0455 0.6808 0.1433 0.0837 0.0428 0.0039 1 0 0 1.6808 1 1
30 54 0.1378 0.5615 0.1571 0.0478 0.0824 0.0134 1 0 0 1.5615 1 1
30 55 0.0337 0.6318 0.249 0.0214 0.0507 0.0134 1 0 0 1.6318 1 1
30 56 0.002 0.5371 0.216 0.0987 0.0198 0.1264 1 0 0 1.5371 1 1
30 57 0.0038 0.4739 0.2765 0.1335 0.0749 0.0374 1 0 0 1.4739 1 1
30 58 0.0027 0.4432 0.3897 0.0584 0.106 0 1 0 0 1.4432 1 1
30 59 0.0101 0.1843 0.6501 0.0881 0.0674 0 1 0 0 1.1843 1 1
30 60 0.0052 0.2077 0.5002 0.1673 0.1145 0.0051 1 0 0 1.2077 1 1
30 61 0.0122 0.1894 0.4481 0.2368 0.101 0.0125 1 0 0 1.1894 1 1
30 62 0 0.0884 0.5218 0.1787 0.1704 0.0407 1 0 0 1.0884 1 1
30 63 0 0.0213 0.4177 0.1346 0.2171 0.2093 1 0 0 1.0213 1 1
30 64 0.0493 0.1771 0.3164 0.3042 0.149 0.004 1 0 0 1.1771 1 1
30 65 0.1039 0.3202 0.2322 0.1303 0.1837 0.0297 1 0 0 1.3202 1 1
30 66 0.0156 0.2929 0.0791 0.0218 0.0563 0 1 0 0 1.2929 1 1
31 5 0 0 0 0 0 0 1 0 0 1 1 1
31 6 0 0 0 0 0 0 1 0 0 1 1 1
31 7 0 0 0 0 0 0 1 0 0 1 1 1
31 8 0 0 0 0 0 0 1 0 0 1 1 1
31 9 0 0 0 0 0 0 1 0 0 1 1 1
31 10 0 0 0 0 0 0 1 0 0 1 1 1
31 11 0 0 0 0 0 0 1 0 0 1 1 1
31 12 0 0 0 0 0 0 1 0 0 1 1 1
31 13 0 0 0 0 0 0 1 0 0 1 1 1
31 14 0 0 0 0 0 0 1 0 0 1 1 1
31 15 0 0 0 0 0 0 1 0 0 1 1 1
31 16 0 0 0 0 0 0 1 0 0 1 1 1
31 17 0 0 0 0 0 0 1 0 0 1 1 1
31 18 0 0 0 0 0 0 1 0 0 1 1 1
31 19 0 0 0 0 0 0 1 0 0 1 1 1
31 20 0 0 0 0 0 0 1 0 0 1 1 1
31 21 0 0 0 0 0 0 1 0 0 1 1 1
31 22 0 0 0 0 0 0 1 0 0 1 1 1
31 23 0 0 0 0 0 0 1 0 0 1 1 1
31 24 0 0 0 0 0 0 1 0 0 1 1 1
31 25 0 0 0 0 0 0 1 0 0 1 1 1
31 26 0 0 0 0 0 0 1 0 0 1 1 1
31 27 0 0 0 0 0 0 1 0 0 1 1 1
31 28 0 0 0 0 0 0 1 0 0 1 1 1
31 29 0 0 0 0 0 0 1 0 0 1 1 1
31 30 0 0 0 0 0 0 1 0 0 1 1 1
31 31 0 0 0 0 0 0 1 0 0 1 1 1
31 32 0 0 0 0 0 0 1 0 0 1 1 1
31 33 0 0 0 0 0 0 1 0 0 1 1 1
31 34 0 0 0 0 0 0 1 0 0 1 1 1
31 35 0 0 0 0 0 0 1 0 0 1 1 1
31 36 0 0 0 0 0 0 1 0 0 1 1 1
31 37 0 0 0 0 0 0 1 0 0 1 1 1
31 38 0 0 0 0 0 0 1 0 0 1 1 1
31 39 0 0 0 0 0 0 1 0 0 1 1 1
31 40 0 0 0 0 0 0 1 0 0 1 1 1
31 41 0 0 0 0 0 0 1 0 0 1 1 1
31 42 0 0 0 0 0 0 1 0 0 1 1 1
31 43 0 0 0 0 0 0 1 0 0 1 1 1
31 44 0 0 0 0.0003 0.0001 0 1 0 0 1 1 1
31 45 0.0063 0.1507 0.0569 0.4106 0.1183 0.0018 1 0 0 1.1507 1 1
31 46 0 0.0705 0.255 0.5644 0.0776 0.0325 1 0 0 1.0705 1 1
31 47 0 0.3852 0.2807 0.302 0.0321 0 1 0 0 1.3852 1 1
31 48 0.0476 0.7077 0.0985 0.0972 0.0284 0.0206 1 0 0 1.7077 1 1
31 49 0 0.4281 0.1899 0.2863 0.0717 0.024 1 0 0 1.4281 1 1
31 50 0.0001 0.5376 0.3589 0.0888 0.0145 0.0001 1 0 0 1.5376 1 1
31 51 0.0115 0.5234 0.3348 0.0493 0.0747 0.0063 1 0 0 1.5234 1 1
31 52 0.0066 0.562 0.3313 0.0348 0.0653 0 1 0 0 1.562 1 1
31 53 0.0575 0.648 0.0436 0.1443 0.0994 0.0072 1 0 0 1.648 1 1
31 54 0.2831 0.4348 0.0754 0.0353 0.0854 0.086 1 0 0 1.4348 1 1
31 55 0.0006 0.6524 0.2713 0.0469 0.0281 0.0007 1 0 0 1.6524 1 1
31 56 0.0032 0.2541 0.2053 0.3755 0.1619 0 1 0 0 1.2541 1 1
31 57 0.0015 0.1487 0.2923 0.4539 0.0941 0.0095 1 0 0 1.1487 1 1
31 58 0.0019 0.3904 0.4757 0.0596 0.0706 0.0018 1 0 0 1.3904 1 1
31 59 0.0335 0.1112 0.0395 0.0103 0.0158 0.7897 1 0 0 1.1112 1 1
31 60 0.007 0.0424 0.0542 0.0305 0.0139 0.852 1 0 0 1.0424 1 1
31 61 0.0107 0.1068 0.1179 0.4933 0.0764 0.1949 1 0 0 1.1068 1 1
31 62 0.0052 0.0767 0.1064 0.4438 0.2625 0.1054 1 0 0 1.0767 1 1
31 63 0 0.0397 0.3526 0.2382 0.1951 0.1744 1 0 0 1.0397 1 1
31 64 0.0133 0.2594 0.2693 0.2996 0.0856 0.0728 1 0 0 1.2594 1 1
31 65 0.0671 0.4557 0.2676 0.1216 0.084 0.004 1 0 0 1.4557 1 1
31 66 0.1027 0.4392 0.1969 0.0285 0.0175 0 1 0 0 1.4392 1 1
32 6 0 0 0 0 0 0 1 0 0 1 1 1
32 7 0 0 0 0 0 0 1 0 0 1 1 1
32 8 0 0 0 0 0 0 1 0 0 1 1 1
32 9 0 0 0 0 0 0 1 0 0 1 1 1
32 10 0 0 0 0 0 0 1 0 0 1 1 1
32 11 0 0 0 0 0 0 1 0 0 1 1 1
32 12 0 0 0 0 0 0 1 0 0 1 1 1
32 13 0 0 0 0 0 0 1 0 0 1 1 1
32 14 0 0 0 0 0 0 1 0 0 1 1 1
32 15 0 0 0 0 0 0 1 0 0 1 1 1
32 16 0 0 0 0 0 0 1 0 0 1 1 1
32 17 0 0 0 0 0 0 1 0 0 1 1 1
32 18 0 0 0 0 0 0 1 0 0 1 1 1
32 19 0 0 0 0 0 0 1 0 0 1 1 1
32 20 0 0 0 0 0 0 1 0 0 1 1 1
32 21 0 0 0 0 0 0 1 0 0 1 1 1
32 22 0 0 0 0 0 0 1 0 0 1 1 1
32 23 0 0 0 0 0 0 1 0 0 1 1 1
32 24 0 0 0 0 0 0 1 0 0 1 1 1
32 25 0 0 0 0 0 0 1 0 0 1 1 1
32 26 0 0 0 0 0 0 1 0 0 1 1 1
32 27 0 0 0 0 0 0 1 0 0 1 1 1
32 28 0 0 0 0 0 0 1 0 0 1 1 1
32 29 0 0 0 0 0 0 1 0 0 1 1 1
32 30 0 0 0 0 0 0 1 0 0 1 1 1
32 31 0 0 0 0 0 0 1 0 0 1 1 1
32 32 0 0 0 0 0 0 1 0 0 1 1 1
32 33 0 0 0 0 0 0 1 0 0 1 1 1
32 34 0 0 0 0 0 0 1 0 0 1 1 1
32 35 0 0 0 0 0 0 1 0 0 1 1 1
32 36 0 0 0 0 0 0 1 0 0 1 1 1
32 37 0 0 0 0 0 0 1 0 0 1 1 1
32 38 0 0 0 0 0 0 1 0 0 1 1 1
32 39 0 0 0 0 0 0 1 0 0 1 1 1
32 40 0 0 0 0 0 0 1 0 0 1 1 1
32 41 0 0 0 0 0 0 1 0 0 1 1 1
32 42 0 0 0 0 0 0 1 0 0 1 1 1
32 43 0 0 0 0 0 0 1 0 0 1 1 1
32 44 0 0.0012 0.0506 0.0043 0.0244 0.0058 1 0 0 1.0012 1 1
32 45 0.006 0.4103 0.2531 0.1412 0.0921 0 1 0 0 1.4103 1 1
32 46 0.0093 0.348 0.115 0.3749 0.1138 0.039 1 0 0 1.348 1 1
32 47 0.01 0.4797 0.1487 0.312 0.0496 0 1 0 0 1.4797 1 1
32 48 0.003 0.4563 0.2921 0.1776 0.0623 0.0087 1 0 0 1.4563 1 1
32 49 0.0162 0.502 0.0552 0.3418 0.0789 0.0059 1 0 0 1.502 1 1
32 50 0.0138 0.5362 0.1416 0.2669 0.0296 0.0119 1 0 0 1.5362 1 1
32 51 0.0052 0.44 0.3458 0.1783 0.0307 0 1 0 0 1.44 1 1
32 52 0.0099 0.4675 0.2998 0.1117 0.1073 0.0038 1 0 0 1.4675 1 1
32 53 0.0104 0.6368 0.071 0.2236 0.0571 0.0011 1 0 0 1.6368 1 1
32 54 0.0069 0.6712 0.149 0.0842 0.0732 0.0155 1 0 0 1.6712 1 1
32 55 0.0028 0.4168 0.288 0.1444 0.1083 0.0397 1 0 0 1.4168 1 1
32 56 0.0093 0.3399 0.4204 0.0854 0.1173 0.0277 1 0 0 1.3399 1 1
32 57 0.0062 0.4498 0.363 0.0874 0.0512 0.0424 1 0 0 1.4498 1 1
32 58 0.0109 0.2834 0.1633 0.0095 0.0231 0.5098 1 0 0 1.2834 1 1
32 61 0.0023 0.024 0.014 0.0968 0.0208 0.8421 1 0 0 1.024 1 1
32 62 0.0097 0.1419 0.0633 0.5462 0.1681 0.0708 1 0 0 1.1419 1 1
32 63 0.0147 0.212 0.3773 0.3027 0.0844 0.0089 1 0 0 1.212 1 1
32 64 0.037 0.3597 0.4355 0.1073 0.0605 0 1 0 0 1.3597 1 1
32 65 0.1401 0.2693 0.3246 0.1915 0.0745 0 1 0 0 1.2693 1 1
32 66 0.0718 0.1694 0.2875 0.2014 0.1275 0 1 0 0 1.1694 1 1
33 7 0 0 0 0 0 0 1 0 0 1 1 1
33 8 0 0 0 0 0 0 1 0 0 1 1 1
33 9 0 0 0 0 0 0 1 0 0 1 1 1
33 10 0 0 0 0 0 0 1 0 0 1 1 1
33 11 0 0 0 0 0 0 1 0 0 1 1 1
33 12 0 0 0 0 0 0 1 0 0 1 1 1
33 13 0 0 0 0 0 0 1 0 0 1 1 1
33 14 0 0 0 0 0 0 1 0 0 1 1 1
33 15 0 0 0 0 0 0 1 0 0 1 1 1
33 16 0 0 0 0 0 0 1 0 0 1 1 1
33 17 0 0 0 0 0 0 1 0 0 1 1 1
33 18 0 0 0 0 0 0 1 0 0 1 1 1
33 19 0 0 0 0 0 0 1 0 0 1 1 1
33 20 0 0 0 0 0 0 1 0 0 1 1 1
33 21 0 0 0 0 0 0 1 0 0 1 1 1
33 22 0 0 0 0 0 0 1 0 0 1 1 1
33 23 0 0 0 0 0 0 1 0 0 1 1 1
33 24 0 0 0 0 0 0 1 0 0 1 1 1
33 25 0 0 0 0 0 0 1 0 0 1 1 1
33 26 0 0 0 0 0 0 1 0 0 1 1 1
33 27 0 0 0 0 0 0 1 0 0 1 1 1
33 28 0 0 0 0 0 0 1 0 0 1 1 1
33 29 0 0 0 0 0 0 1 0 0 1 1 1
33 30 0 0 0 0 0 0 1 0 0 1 1 1
33 31 0 0 0 0 0 0 1 0 0 1 1 1
33 32 0 0 0 0 0 0 1 0 0 1 1 1
33 33 0 0 0 0 0 0 1 0 0 1 1 1
33 34 0 0 0 0 0 0 1 0 0 1 1 1
33 35 0 0 0 0 0 0 1 0 0 1 1 1
33 36 0 0 0 0 0 0 1 0 0 1 1 1
33 37 0 0 0 0 0 0 1 0 0 1 1 1
33 38 0 0 0 0 0 0 1 0 0 1 1 1
33 39 0 0 0 0 0 0 1 0 0 1 1 1
33 40 0 0 0 0 0 0 1 0 0 1 1 1
33 41 0 0 0 0 0 0 1 0 0 1 1 1
33 42 0 0 0 0 0 0 1 0 0 1 1 1
33 43 0 0 0 0 0 0 1 0 0 1 1 1
33 44 0 0 0 0 0 0 1 0 0 1 1 1
33 45 0 0.0866 0.0485 0.0534 0.0133 0 1 0 0 1.0866 1 1
33 46 0.0026 0.294 0.2223 0.3453 0.0746 0.0242 1 0 0 1.294 1 1
33 47 0.0228 0.3861 0.1206 0.4071 0.0596 0.0038 1 0 0 1.3861 1 1
33 48 0.0139 0.2158 0.239 0.3888 0.0629 0.0796 1 0 0 1.2158 1 1
33 49 0.032 0.6013 0.1341 0.1671 0.027 0.0385 1 0 0 1.6013 1 1
33 50 0.0129 0.6771 0.0488 0.2225 0.0359 0.0028 1 0 0 1.6771 1 1
33 51 0.0469 0.3915 0.1085 0.382 0.0668 0.0043 1 0 0 1.3915 1 1
33 52 0.0001 0.3857 0.0611 0.4402 0.0973 0.0156 1 0 0 1.3857 1 1
33 53 0.0181 0.477 0.1672 0.2393 0.0943 0.0041 1 0 0 1.477 1 1
33 54 0 0.1974 0.3187 0.0682 0.1261 0.2896 1 0 0 1.1974 1 1
33 55 0 0.0063 0.2294 0.0215 0.0806 0.6622 1 0 0 1.0063 1 1
33 56 0.0121 0.2395 0.2359 0.0596 0.0514 0.4015 1 0 0 1.2395 1 1
33 57 0.0078 0.0632 0.0478 0.0112 0.013 0.857 1 0 0 1.0632 1 1
33 62 0.0124 0.0152 0.1415 0.3942 0.129 0.3077 1 0 0 1.0152 1 1
33 63 0 0.01 0.3287 0.2719 0.2283 0.1611 1 0 0 1.01 1 1
33 64 0.0044 0.1341 0.2868 0.3811 0.0991 0.0945 1 0 0 1.1341 1 1
33 65 0.0817 0.0241 0.1647 0.4186 0.1247 0.1862 1 0 0 1.0241 1 1
33 66 0.0644 0.2174 0.2371 0.307 0.0812 0.0214 1 0 0 1.2174 1 1
33 67 0.0036 0 0 0 0 0 1 0 0 1 1 1
34 6 0 0 0 0 0 0 1 0 0 1 1 1
34 7 0 0 0 0 0 0 1 0 0 1 1 1
34 8 0 0 0 0 0 0 1 0 0 1 1 1
34 9 0 0 0 0 0 0 1 0 0 1 1 1
34 10 0 0 0 0 0 0 1 0 0 1 1 1
34 11 0 0 0 0 0 0 1 0 0 1 1 1
34 12 0 0 0 0 0 0 1 0 0 1 1 1
34 13 0 0 0 0 0 0 1 0 0 1 1 1
34 14 0 0 0 0 0 0 1 0 0 1 1 1
34 15 0 0 0 0 0 0 1 0 0 1 1 1
34 16 0 0 0 0 0 0 1 0 0 1 1 1
34 17 0 0 0 0 0 0 1 0 0 1 1 1
34 18 0 0 0 0 0 0 1 0 0 1 1 1
34 19 0 0 0 0 0 0 1 0 0 1 1 1
34 20 0 0 0 0 0 0 1 0 0 1 1 1
34 21 0 0 0 0 0 0 1 0 0 1 1 1
34 22 0 0 0 0 0 0 1 0 0 1 1 1
34 23 0 0 0 0 0 0 1 0 0 1 1 1
34 24 0 0 0 0 0 0 1 0 0 1 1 1
34 25 0 0 0 0 0 0 1 0 0 1 1 1
34 26 0 0 0 0 0 0 1 0 0 1 1 1
34 27 0 0 0 0 0 0 1 0 0 1 1 1
34 28 0 0 0 0 0 0 1 0 0 1 1 1
34 29 0 0 0 0 0 0 1 0 0 1 1 1
34 30 0 0 0 0 0 0 1 0 0 1 1 1
34 31 0 0 0 0 0 0 1 0 0 1 1 1
34 32 0 0 0 0 0 0 1 0 0 1 1 1
34 33 0 0 0 0 0 0 1 0 0 1 1 1
34 34 0 0 0 0 0 0 1 0 0 1 1 1
34 35 0 0 0 0 0 0 1 0 0 1 1 1
34 36 0 0 0 0 0 0 1 0 0 1 1 1
34 37 0 0 0 0 0 0 1 0 0 1 1 1
34 38 0 0 0 0 0 0 1 0 0 1 1 1
34 39 0 0 0 0 0 0 1 0 0 1 1 1
34 40 0 0 0 0 0 0 1 0 0 1 1 1
34 41 0 0 0 0 0 0 1 0 0 1 1 1
34 42 0 0 0 0 0 0 1 0 0 1 1 1
34 43 0 0 0 0 0 0 1 0 0 1 1 1
34 44 0 0 0 0 0 0 1 0 0 1 1 1
34 45 0 0 0 0 0 0 1 0 0 1 1 1
34 46 0 0.1398 0.1455 0.1249 0.0139 0.0322 1 0 0 1.1398 1 1
34 47 0.0129 0.3826 0.4264 0.1646 0.0068 0.0067 1 0 0 1.3826 1 1
34 48 0.078 0.4131 0.3159 0.1509 0.0204 0.0217 1 0 0 1.4131 1 1
34 49 0.0465 0.4612 0.2289 0.1887 0.0648 0.0099 1 0 0 1.4612 1 1
34 50 0.0033 0.4986 0.1021 0.364 0.0291 0.0029 1 0 0 1.4986 1 1
34 51 0.0078 0.5141 0.0134 0.3938 0.0674 0.0035 1 0 0 1.5141 1 1
34 52 0.0059 0.4858 0.0699 0.3174 0.098 0.023 1 0 0 1.4858 1 1
34 53 0.0002 0.4025 0.3176 0.1509 0.0831 0.0457 1 0 0 1.4025 1 1
34 54 0.0022 0.0423 0.4769 0.1696 0.1671 0.1419 1 0 0 1.0423 1 1
34 55 0 0.0235 0.0359 0.0458 0.1189 0.7759 1 0 0 1.0235 1 1
34 62 0.0049 0.0131 0.2075 0.0796 0.154 0.4656 1 0 0 1.0131 1 1
34 63 0 0.0251 0.2677 0.3084 0.2133 0.1855 1 0 0 1.0251 1 1
34 64 0.0118 0.0047 0.1355 0.2829 0.3503 0.2148 1 0 0 1.0047 1 1
34 65 0.2002 0 0.386 0.2024 0.1965 0.0149 1 0 0 1 1 1
34 66 0.0334 0.205 0.5616 0.0574 0.1097 0.0028 1 0 0 1.205 1 1
34 67 0 0.0401 0.023 0.0049 0.0033 0 1 0 0 1.0401 1 1
35 6 0 0 0 0 0 0 1 0 0 1 1 1
35 7 0 0 0 0 0 0 1 0 0 1 1 1
35 8 0 0 0 0 0 0 1 0 0 1 1 1
35 11 0 0 0 0 0 0 1 0 0 1 1 1
35 12 0 0 0 0 0 0 1 0 0 1 1 1
35 15 0 0 0 0 0 0 1 0 0 1 1 1
35 16 0 0 0 0 0 0 1 0 0 1 1 1
35 17 0 0 0 0 0 0 1 0 0 1 1 1
35 18 0 0 0 0 0 0 1 0 0 1 1 1
35 19 0 0 0 0 0 0 1 0 0 1 1 1
35 20 0 0 0 0 0 0 1 0 0 1 1 1
35 21 0 0 0 0 0 0 1 0 0 1 1 1
35 22 0 0 0 0 0 0 1 0 0 1 1 1
35 23 0 0 0 0 0 0 1 0 0 1 1 1
35 24 0 0 0 0 0 0 1 0 0 1 1 1
35 25 0 0 0 0 0 0 1 0 0 1 1 1
35 26 0 0 0 0 0 0 1 0 0 1 1 1
35 27 0 0 0 0 0 0 1 0 0 1 1 1
35 28 0 0 0 0 0 0 1 0 0 1 1 1
35 29 0 0 0 0 0 0 1 0 0 1 1 1
35 30 0 0 0 0 0 0 1 0 0 1 1 1
35 31 0 0 0 0 0 0 1 0 0 1 1 1
35 32 0 0 0 0 0 0 1 0 0 1 1 1
35 33 0 0 0 0 0 0 1 0 0 1 1 1
35 34 0 0 0 0 0 0 1 0 0 1 1 1
35 35 0 0 0 0 0 0 1 0 0 1 1 1
35 36 0 0 0 0 0 0 1 0 0 1 1 1
35 37 0 0 0 0 0 0 1 0 0 1 1 1
35 38 0 0 0 0 0 0 1 0 0 1 1 1
35 39 0 0 0 0 0 0 1 0 0 1 1 1
35 40 0 0 0 0 0 0 1 0 0 1 1 1
35 41 0 0 0 0 0 0 1 0 0 1 1 1
35 42 0 0 0 0 0 0 1 0 0 1 1 1
35 43 0 0 0 0 0 0 1 0 0 1 1 1
35 44 0 0 0 0 0 0 1 0 0 1 1 1
35 45 0 0 0 0 0 0 1 0 0 1 1 1
35 46 0 0.185 0.3086 0.1694 0.1185 0.0226 1 0 0 1.185 1 1
35 47 0 0.382 0.4151 0.1694 0.0211 0.0124 1 0 0 1.382 1 1
35 48 0.0064 0.4802 0.283 0.1863 0.0429 0.0012 1 0 0 1.4802 1 1
35 49 0.0087 0.5091 0.1134 0.2944 0.0558 0.0186 1 0 0 1.5091 1 1
35 50 0.005 0.2033 0.0565 0.5131 0.1608 0.0613 1 0 0 1.2033 1 1
35 51 0.0185 0.512 0.0903 0.3004 0.0572 0.0216 1 0 0 1.512 1 1
35 52 0.0223 0.4556 0.0755 0.1881 0.1481 0.1104 1 0 0 1.4556 1 1
35 53 0.0079 0.3239 0.2419 0.1035 0.133 0.1328 1 0 0 1.3239 1 1
35 54 0 0.0493 0.1628 0.0258 0.0384 0.3709 1 0 0 1.0493 1 1
35 55 0 0.0053 0.012 0.0011 0.0106 0.7105 1 0 0 1.0053 1 1
35 62 0.0024 0 0 0 0.0047 0.0022 1 0 0 1 1 1
35 63 0 0.0076 0.024 0.0013 0.0148 0.0026 1 0 0 1.0076 1 1
35 64 0 0.0029 0.0313 0.0899 0.0477 0.0058 1 0 0 1.0029 1 1
35 65 0.0808 0 0.083 0.058 0.0705 0.0353 1 0 0 1 1 1
35 66 0.1143 0.0831 0.3905 0.1169 0.1611 0.0579 1 0 0 1.0831 1 1
35 67 0.053 0.3516 0.1989 0.1584 0.0418 0.0003 1 0 0 1.3516 1 1
35 68 0.0013 0 0 0 0.0007 0 1 0 0 1 1 1
36 7 0 0 0 0 0 0 1 0 0 1 1 1
36 8 0 0 0 0 0 0 1 0 0 1 1 1
36 16 0 0 0 0 0 0 1 0 0 1 1 1
36 17 0 0 0 0 0 0 1 0 0 1 1 1
36 18 0 0 0 0 0 0 1 0 0 1 1 1
36 19 0 0 0 0 0 0 1 0 0 1 1 1
36 20 0 0 0 0 0 0 1 0 0 1 1 1
36 21 0 0 0 0 0 0 1 0 0 1 1 1
36 22 0 0 0 0 0 0 1 0 0 1 1 1
36 23 0 0 0 0 0 0 1 0 0 1 1 1
36 24 0 0 0 0 0 0 1 0 0 1 1 1
36 25 0 0 0 0 0 0 1 0 0 1 1 1
36 26 0 0 0 0 0 0 1 0 0 1 1 1
36 27 0 0 0 0 0 0 1 0 0 1 1 1
36 28 0 0 0 0 0 0 1 0 0 1 1 1
36 29 0 0 0 0 0 0 1 0 0 1 1 1
36 30 0 0 0 0 0 0 1 0 0 1 1 1
36 31 0 0 0 0 0 0 1 0 0 1 1 1
36 32 0 0 0 0 0 0 1 0 0 1 1 1
36 33 0 0 0 0 0 0 1 0 0 1 1 1
36 34 0 0 0 0 0 0 1 0 0 1 1 1
36 35 0 0 0 0 0 0 1 0 0 1 1 1
36 36 0 0 0 0 0 0 1 0 0 1 1 1
36 37 0 0 0 0 0 0 1 0 0 1 1 1
36 38 0 0 0 0 0 0 1 0 0 1 1 1
36 39 0 0 0 0 0 0 1 0 0 1 1 1
36 40 0 0 0 0 0 0 1 0 0 1 1 1
36 41 0 0 0 0 0 0 1 0 0 1 1 1
36 42 0 0 0 0 0 0 1 0 0 1 1 1
36 43 0 0 0 0 0 0 1 0 0 1 1 1
36 44 0 0 0 0 0 0 1 0 0 1 1 1
36 45 0 0 0 0 0 0 1 0 0 1 1 1
36 46 0.0085 0.1755 0.2729 0.1392 0.0435 0.0213 1 0 0 1.1755 1 1
36 47 0.0057 0.2941 0.3604 0.1446 0.05 0.0089 1 0 0 1.2941 1 1
36 48 0.0095 0.4833 0.213 0.2134 0.0657 0 1 0 0 1.4833 1 1
36 49 0.0099 0.5258 0.0942 0.3055 0.062 0.0026 1 0 0 1.5258 1 1
36 50 0.0039 0.1891 0.2118 0.4325 0.1377 0.025 1 0 0 1.1891 1 1
36 51 0.0034 0.362 0.1558 0.3044 0.1185 0.0559 1 0 0 1.362 1 1
36 52 0.0362 0.267 0.0749 0.0398 0.0819 0.411 1 0 0 1.267 1 1
36 53 0 0.0173 0.0009 0 0 0.1161 1 0 0 1.0173 1 1
36 66 0.0687 0.0084 0.0124 0.0195 0.0265 0.0559 1 0 0 1.0084 1 1
36 67 0.1348 0.0545 0.0447 0.0026 0.0191 0.0061 1 0 0 1.0545 1 1
37 17 0 0 0 0 0 0 1 0 0 1 1 1
37 18 0 0 0 0 0 0 1 0 0 1 1 1
37 19 0 0 0 0 0 0 1 0 0 1 1 1
37 20 0 0 0 0 0 0 1 0 0 1 1 1
37 21 0 0 0 0 0 0 1 0 0 1 1 1
37 22 0 0 0 0 0 0 1 0 0 1 1 1
37 23 0 0 0 0 0 0 1 0 0 1 1 1
37 24 0 0 0 0 0 0 1 0 0 1 1 1
37 25 0 0 0 0 0 0 1 0 0 1 1 1
37 26 0 0 0 0 0 0 1 0 0 1 1 1
37 27 0 0 0 0 0 0 1 0 0 1 1 1
37 28 0 0 0 0 0 0 1 0 0 1 1 1
37 29 0 0 0 0 0 0 1 0 0 1 1 1
37 30 0 0 0 0 0 0 1 0 0 1 1 1
37 31 0 0 0 0 0 0 1 0 0 1 1 1
37 32 0 0 0 0 0 0 1 0 0 1 1 1
37 33 0 0 0 0 0 0 1 0 0 1 1 1
37 34 0 0 0 0 0 0 1 0 0 1 1 1
37 35 0 0 0 0 0 0 1 0 0 1 1 1
37 36 0 0 0 0 0 0 1 0 0 1 1 1
37 37 0 0 0 0 0 0 1 0 0 1 1 1
37 38 0 0 0 0 0 0 1 0 0 1 1 1
37 39 0 0 0 0 0 0 1 0 0 1 1 1
37 40 0 0 0 0 0 0 1 0 0 1 1 1
37 41 0 0 0 0 0 0 1 0 0 1 1 1
37 42 0 0 0 0 0 0 1 0 0 1 1 1
37 43 0 0 0 0 0 0 1 0 0 1 1 1
37 44 0 0 0 0 0 0 1 0 0 1 1 1
37 45 0 0 0 0 0 0 1 0 0 1 1 1
37 46 0 0 0 0 0 0.0001 1 0 0 1 1 1
37 47 0 0.0019 0.0008 0 0 0.0024 1 0 0 1.0019 1 1
37 48 0.0019 0.1864 0.0492 0.0335 0.008 0 1 0 0 1.1864 1 1
37 49 0.011 0.1572 0.0445 0.1263 0.0674 0 1 0 0 1.1572 1 1
37 50 0 0.1094 0.1985 0.5087 0.1439 0.0329 1 0 0 1.1094 1 1
37 51 0.0059 0.1372 0.0314 0.1661 0.0492 0.2232 1 0 0 1.1372 1 1
37 52 0 0.0048 0 0 0 0.0725 1 0 0 1.0048 1 1
38 18 0 0 0 0 0 0 1 0 0 1 1 1
38 19 0 0 0 0 0 0 1 0 0 1 1 1
38 20 0 0 0 0 0 0 1 0 0 1 1 1
38 21 0 0 0 0 0 0 1 0 0 1 1 1
38 25 0 0 0 0 0 0 1 0 0 1 1 1
38 26 0 0 0 0 0 0 1 0 0 1 1 1
38 27 0 0 0 0 0 0 1 0 0 1 1 1
38 28 0 0 0 0 0 0 1 0 0 1 1 1
38 29 0 0 0 0 0 0 1 0 0 1 1 1
38 30 0 0 0 0 0 0 1 0 0 1 1 1
38 31 0 0 0 0 0 0 1 0 0 1 1 1
38 32 0 0 0 0 0 0 1 0 0 1 1 1
38 33 0 0 0 0 0 0 1 0 0 1 1 1
38 34 0 0 0 0 0 0 1 0 0 1 1 1
38 35 0 0 0 0 0 0 1 0 0 1 1 1
38 36 0 0 0 0 0 0 1 0 0 1 1 1
38 37 0 0 0 0 0 0 1 0 0 1 1 1
38 38 0 0 0 0 0 0 1 0 0 1 1 1
38 39 0 0 0 0 0 0 1 0 0 1 1 1
38 40 0 0 0 0 0 0 1 0 0 1 1 1
38 41 0 0 0 0 0 0 1 0 0 1 1 1
38 42 0 0 0 0 0 0 1 0 0 1 1 1
38 43 0 0 0 0 0 0 1 0 0 1 1 1
38 44 0 0 0 0 0 0 1 0 0 1 1 1
38 45 0 0 0 0 0 0 1 0 0 1 1 1
38 46 0 0 0 0 0 0 1 0 0 1 1 1
38 49 0 0 0.0069 0.0155 0.0093 0.0001 1 0 0 1 1 1
38 50 0.0008 0.1227 0.1643 0.2185 0.0736 0.01 1 0 0 1.1227 1 1
39 19 0 0 0 0 0 0 1 0 0 1 1 1
39 20 0 0 0 0 0 0 1 0 0 1 1 1
39 21 0 0 0 0 0 0 1 0 0 1 1 1
39 25 0 0 0 0 0 0 1 0 0 1 1 1
39 26 0 0 0 0 0 0 1 0 0 1 1 1
39 27 0 0 0 0 0 0 1 0 0 1 1 1
39 28 0 0 0 0 0 0 1 0 0 1 1 1
39 29 0 0 0 0 0 0 1 0 0 1 1 1
39 30 0 0 0 0 0 0 1 0 0 1 1 1
39 31 0 0 0 0 0 0 1 0 0 1 1 1
39 32 0 0 0 0 0 0 1 0 0 1 1 1
39 33 0 0 0 0 0 0 1 0 0 1 1 1
39 34 0 0 0 0 0 0 1 0 0 1 1 1
39 35 0 0 0 0 0 0 1 0 0 1 1 1
39 36 0 0 0 0 0 0 1 0 0 1 1 1
39 37 0 0 0 0 0 0 1 0 0 1 1 1
39 38 0 0 0 0 0 0 1 0 0 1 1 1
39 39 0 0 0 0 0 0 1 0 0 1 1 1
39 40 0 0 0 0 0 0 1 0 0 1 1 1
39 41 0 0 0 0 0 0 1 0 0 1 1 1
39 42 0 0 0 0 0 0 1 0 0 1 1 1
39 43 0 0 0 0 0 0 1 0 0 1 1 1
39 44 0 0 0 0 0 0 1 0 0 1 1 1
39 45 0 0 0 0 0 0 1 0 0 1 1 1
40 20 0 0 0 0 0 0 1 0 0 1 1 1
40 21 0 0 0 0 0 0 1 0 0 1 1 1
40 27 0 0 0 0 0 0 1 0 0 1 1 1
40 28 0 0 0 0 0 0 1 0 0 1 1 1
40 29 0 0 0 0 0 0 1 0 0 1 1 1
40 30 0 0 0 0 0 0 1 0 0 1 1 1
40 31 0 0 0 0 0 0 1 0 0 1 1 1
40 32 0 0 0 0 0 0 1 0 0 1 1 1
40 33 0 0 0 0 0 0 1 0 0 1 1 1
40 34 0 0 0 0 0 0 1 0 0 1 1 1
40 35 0 0 0 0 0 0 1 0 0 1 1 1
40 36 0 0 0 0 0 0 1 0 0 1 1 1
40 37 0 0 0 0 0 0 1 0 0 1 1 1
40 38 0 0 0 0 0 0 1 0 0 1 1 1
40 39 0 0 0 0 0 0 1 0 0 1 1 1
40 40 0 0 0 0 0 0 1 0 0 1 1 1
40 41 0 0 0 0 0 0 1 0 0 1 1 1
40 42 0 0 0 0 0 0 1 0 0 1 1 1
40 43 0 0 0 0 0 0 1 0 0 1 1 1
40 44 0 0 0 0 0 0 1 0 0 1 1 1
41 27 0 0 0 0 0 0 1 0 0 1 1 1
41 28 0 0 0 0 0 0 1 0 0 1 1 1
41 29 0 0 0 0 0 0 1 0 0 1 1 1
41 30 0 0 0 0 0 0 1 0 0 1 1 1
41 31 0 0 0 0 0 0 1 0 0 1 1 1
41 32 0 0 0 0 0 0 1 0 0 1 1 1
41 33 0 0 0 0 0 0 1 0 0 1 1 1
41 34 0 0 0 0 0 0 1 0 0 1 1 1
41 35 0 0 0 0 0 0 1 0 0 1 1 1
41 36 0 0 0 0 0 0 1 0 0 1 1 1
41 37 0 0 0 0 0 0 1 0 0 1 1 1
41 38 0 0 0 0 0 0 1 0 0 1 1 1
41 39 0 0 0 0 0 0 1 0 0 1 1 1
42 27 0 0 0 0 0 0 1 0 0 1 1 1
42 28 0 0 0 0 0 0 1 0 0 1 1 1
42 29 0 0 0 0 0 0 1 0 0 1 1 1
42 30 0 0 0 0 0 0 1 0 0 1 1 1
42 31 0 0 0 0 0 0 1 0 0 1 1 1
42 32 0 0 0 0 0 0 1 0 0 1 1 1
42 33 0 0 0 0 0 0 1 0 0 1 1 1
42 34 0 0 0 0 0 0 1 0 0 1 1 1
42 35 0 0 0 0 0 0 1 0 0 1 1 1
42 36 0 0 0 0 0 0 1 0 0 1 1 1
42 37 0 0 0 0 0 0 1 0 0 1 1 1
42 38 0 0 0 0 0 0 1 0 0 1 1 1
42 39 0 0 0 0 0 0 1 0 0 1 1 1
43 27 0 0 0 0 0 0 1 0 0 1 1 1
43 28 0 0 0 0 0 0 1 0 0 1 1 1
43 29 0 0 0 0 0 0 1 0 0 1 1 1
43 30 0 0 0 0 0 0 1 0 0 1 1 1
43 31 0 0 0 0 0 0 1 0 0 1 1 1
43 32 0 0 0 0 0 0 1 0 0 1 1 1
43 33 0 0 0 0 0 0 1 0 0 1 1 1
43 34 0 0 0 0 0 0 1 0 0 1 1 1
43 35 0 0 0 0 0 0 1 0 0 1 1 1
43 36 0 0 0 0 0 0 1 0 0 1 1 1
43 37 0 0 0 0 0 0 1 0 0 1 1 1
43 38 0 0 0 0 0 0 1 0 0 1 1 1
44 30 0 0 0 0 0 0 1 0 0 1 1 1
44 31 0 0 0 0 0 0 1 0 0 1 1 1
44 32 0 0 0 0 0 0 1 0 0 1 1 1
44 33 0 0 0 0 0 0 1 0 0 1 1 1
44 34 0 0 0 0 0 0 1 0 0 1 1 1
44 35 0 0 0 0 0 0 1 0 0 1 1 1
44 36 0 0 0 0 0 0 1 0 0 1 1 1
44 37 0 0 0 0 0 0 1 0 0 1 1 1
45 31 0 0 0 0 0 0 1 0 0 1 1 1
45 32 0 0 0 0 0 0 1 0 0 1 1 1
45 33 0 0 0 0 0 0 1 0 0 1 1 1
45 34 0 0 0 0 0 0 1 0 0 1 1 1
45 35 0 0 0 0 0 0 1 0 0 1 1 1
